0.938
0.794
0.738
0.625
0.5329999999999999
0.987
0.931
0.803
0.499
0.31299999999999994
0.988
0.865
0.636
0.42399999999999993
0.17299999999999993
0.948
0.747
0.624
0.51
0.43500000000000005
0.957
0.858
0.659
0.5289999999999999
0.25
0.944
0.7989999999999999
0.69
0.629
0.968
0.875
0.755
0.627
0.499
0.97
0.935
0.611
0.393
0.18099999999999994
0.973
0.8089999999999999
0.514
0.246
0.04400000000000004
0.874
0.681
0.525
0.399
0.29200000000000004
0.975
0.886
0.741
0.536
0.10400000000000009
0.962
0.837
0.633
0.547
0.971
0.919
0.785
0.617
0.528
1.0
0.95
0.672
0.263
0.16799999999999993
1.0
0.882
0.611
0.30299999999999994
0.09599999999999997
0.9319999999999999
0.757
0.502
0.38
0.2759999999999999
0.917
0.784
0.637
0.42899999999999994
0.08700000000000008
0.883
0.661
0.395
0.31000000000000005
0.972
0.912
0.748
0.591
0.483
0.963
0.924
0.727
0.257
0.18400000000000005
0.962
0.7969999999999999
0.591
0.3490000000000001
0.17500000000000004
0.949
0.7070000000000001
0.571
0.405
0.30299999999999994
0.9390000000000001
0.8180000000000001
0.652
0.364
0.22299999999999998
0.964
0.861
0.655
0.542
0.973
0.911
0.748
0.565
0.45499999999999996
0.977
0.969
0.5900000000000001
0.30099999999999993
0.19200000000000006
0.972
0.857
0.54
0.22099999999999997
0.07400000000000007
0.972
0.8049999999999999
0.618
0.45100000000000007
0.273
0.922
0.798
0.518
0.22099999999999997
0.04700000000000004
0.9299999999999999
0.744
0.485
0.385
0.896
0.794
0.651
0.5609999999999999
0.502
0.959
0.84
0.6220000000000001
0.29599999999999993
0.18799999999999994
0.921
0.791
0.595
0.361
0.21499999999999997
0.778
0.675
0.497
0.405
0.33299999999999996
0.933
0.853
0.601
0.492
0.25
0.889
0.7150000000000001
0.5920000000000001
0.483
0.972
0.88
0.728
0.587
0.511
0.971
0.97
0.764
0.486
0.30400000000000005
0.971
0.957
0.677
0.45299999999999996
0.2340000000000001
0.968
0.774
0.624
0.43000000000000005
0.30099999999999993
0.968
0.813
0.71
0.515
0.242
0.857
0.7110000000000001
0.44600000000000006
0.43500000000000005
0.994
0.891
0.796
0.675
0.53
0.998
0.966
0.742
0.41400000000000003
0.2759999999999999
0.998
0.927
0.614
0.369
0.19499999999999995
0.988
0.911
0.735
0.5329999999999999
0.361
0.953
0.751
0.5920000000000001
0.41100000000000003
0.21499999999999997
0.903
0.79
0.6479999999999999
0.583
0.967
0.935
0.8280000000000001
0.763
0.642
0.968
0.9319999999999999
0.78
0.44999999999999996
0.29000000000000004
0.973
0.9259999999999999
0.755
0.45399999999999996
0.18900000000000006
0.954
0.753
0.629
0.516
0.355
0.956
0.878
0.753
0.595
0.237
0.924
0.8
0.601
0.912
0.85
0.725
0.625
0.52
0.978
0.866
0.353
0.238
0.15400000000000003
0.956
0.762
0.44100000000000006
0.238
0.02300000000000002
0.83
0.728
0.552
0.43100000000000005
0.31900000000000006
0.963
0.851
0.738
0.4620000000000001
0.14400000000000002
0.973
0.855
0.72
0.621
0.948
0.87
0.784
0.688
0.56
0.992
0.8200000000000001
0.482
0.275
0.20900000000000007
0.992
0.824
0.482
0.19200000000000006
0.028000000000000025
0.9339999999999999
0.73
0.597
0.5129999999999999
0.393
0.944
0.639
0.41700000000000004
0.19999999999999996
0.08700000000000008
0.91
0.788
0.6579999999999999
0.611
0.986
0.9359999999999999
0.864
0.75
0.619
0.984
0.925
0.846
0.6779999999999999
0.44899999999999995
0.985
0.944
0.821
0.621
0.391
0.977
0.908
0.667
0.599
0.42399999999999993
0.984
0.89
0.8200000000000001
0.71
0.558
0.953
0.817
0.6439999999999999
0.53
0.971
0.94
0.883
0.798
0.6639999999999999
0.978
0.953
0.865
0.537
0.2659999999999999
0.978
0.956
0.83
0.623
0.383
0.996
0.81
0.662
0.5489999999999999
0.39
0.987
0.9319999999999999
0.769
0.659
0.43000000000000005
0.895
0.761
0.548
0.968
0.849
0.745
0.616
0.5129999999999999
0.983
0.726
0.46799999999999997
0.345
0.22999999999999998
0.969
0.733
0.491
0.237
0.09299999999999997
0.968
0.8069999999999999
0.6479999999999999
0.495
0.358
0.941
0.773
0.538
0.32700000000000007
0.03400000000000003
0.908
0.6950000000000001
0.3590000000000001
0.978
0.863
0.7050000000000001
0.563
0.46399999999999997
0.979
0.921
0.844
0.571
0.27
0.935
0.833
0.752
0.5920000000000001
0.31799999999999995
0.875
0.71
0.56
0.42899999999999994
0.34099999999999997
0.9259999999999999
0.837
0.704
0.53
0.345
0.906
0.735
0.5900000000000001
0.494
1.0
0.943
0.868
0.733
0.558
1.0
0.991
0.962
0.7310000000000001
0.361
1.0
0.955
0.84
0.6060000000000001
0.30700000000000005
0.982
0.857
0.677
0.482
0.32700000000000007
0.987
0.922
0.793
0.649
0.41000000000000003
0.977
0.843
0.631
0.542
0.988
0.919
0.817
0.675
0.532
0.984
0.937
0.6759999999999999
0.43200000000000005
0.2340000000000001
0.985
0.894
0.619
0.33499999999999996
0.17900000000000005
0.969
0.792
0.6799999999999999
0.486
0.402
0.952
0.823
0.641
0.41200000000000003
0.20999999999999996
0.987
0.858
0.742
0.677
0.96
0.931
0.776
0.599
0.524
0.977
0.908
0.6379999999999999
0.30099999999999993
0.17299999999999993
0.945
0.85
0.627
0.277
0.11299999999999999
0.913
0.746
0.509
0.382
0.265
0.965
0.8280000000000001
0.635
0.393
0.132
0.938
0.776
0.63
0.541
0.949
0.812
0.677
0.568
0.45499999999999996
0.973
0.901
0.575
0.255
0.15400000000000003
0.968
0.8180000000000001
0.5660000000000001
0.31900000000000006
0.1140000000000001
0.905
0.69
0.476
0.347
0.248
0.912
0.77
0.619
0.43100000000000005
0.15400000000000003
0.9259999999999999
0.802
0.61
0.5289999999999999
0.997
0.895
0.815
0.618
0.487
0.986
0.925
0.7
0.401
0.17099999999999993
0.983
0.8280000000000001
0.636
0.32900000000000007
0.08999999999999997
0.968
0.861
0.6639999999999999
0.487
0.262
0.966
0.812
0.5289999999999999
0.32999999999999996
0.12
0.944
0.808
0.629
0.55
0.968
0.869
0.741
0.618
0.487
0.976
0.957
0.819
0.46299999999999997
0.3340000000000001
0.982
0.91
0.694
0.499
0.246
0.802
0.7030000000000001
0.578
0.45299999999999996
0.364
0.989
0.917
0.758
0.584
0.3420000000000001
0.875
0.71
0.607
0.494
0.969
0.864
0.763
0.645
0.537
0.98
0.875
0.6930000000000001
0.3370000000000001
0.21999999999999997
0.996
0.92
0.609
0.395
0.16299999999999992
0.978
0.8200000000000001
0.6439999999999999
0.42500000000000004
0.29799999999999993
0.954
0.839
0.605
0.45100000000000007
0.23099999999999998
0.919
0.8160000000000001
0.667
0.5900000000000001
0.981
0.937
0.788
0.7070000000000001
0.5660000000000001
0.978
0.94
0.739
0.44499999999999995
0.28900000000000003
0.996
0.922
0.813
0.44499999999999995
0.243
0.952
0.775
0.589
0.46399999999999997
0.32099999999999995
0.98
0.86
0.7
0.54
0.30400000000000005
0.959
0.779
0.6799999999999999
0.621
0.958
0.821
0.6739999999999999
0.542
0.45100000000000007
0.957
0.883
0.6579999999999999
0.278
0.17400000000000004
0.942
0.821
0.609
0.394
0.11099999999999999
0.776
0.631
0.46099999999999997
0.393
0.2659999999999999
0.913
0.8089999999999999
0.6930000000000001
0.45200000000000007
0.15400000000000003
0.906
0.74
0.598
0.5349999999999999
0.961
0.794
0.698
0.591
0.485
0.969
0.5640000000000001
0.30700000000000005
0.11499999999999999
0.08200000000000007
0.976
0.6990000000000001
0.345
0.14900000000000002
0.0
0.881
0.661
0.469
0.383
0.279
0.927
0.6910000000000001
0.274
0.03700000000000003
0.0009999999999998899
0.948
0.869
0.727
0.587
0.965
0.834
0.6779999999999999
0.581
0.42299999999999993
0.953
0.631
0.2859999999999999
0.2240000000000001
0.1090000000000001
0.967
0.687
0.42799999999999994
0.16299999999999992
0.03299999999999992
0.9279999999999999
0.634
0.41400000000000003
0.30299999999999994
0.18400000000000005
0.925
0.7070000000000001
0.44100000000000006
0.18200000000000005
0.03700000000000003
0.909
0.685
0.375
0.971
0.91
0.78
0.6579999999999999
0.55
0.974
0.943
0.832
0.42200000000000004
0.273
0.964
0.8360000000000001
0.65
0.4670000000000001
0.236
0.933
0.706
0.568
0.41400000000000003
0.29900000000000004
0.964
0.885
0.77
0.593
0.394
0.944
0.785
0.567
0.5029999999999999
0.98
0.881
0.801
0.671
0.5640000000000001
0.985
0.871
0.512
0.31000000000000005
0.22499999999999998
0.998
0.838
0.46799999999999997
0.19799999999999995
0.015999999999999903
0.961
0.827
0.655
0.4620000000000001
0.347
0.94
0.765
0.482
0.253
0.06700000000000006
0.921
0.801
0.593
0.44600000000000006
0.982
0.902
0.786
0.653
0.528
0.962
0.892
0.771
0.41000000000000003
0.27
0.955
0.886
0.683
0.45200000000000007
0.22799999999999998
0.935
0.7969999999999999
0.629
0.4
0.31700000000000006
0.944
0.794
0.651
0.479
0.2809999999999999
0.944
0.7969999999999999
0.6679999999999999
0.615
0.948
0.803
0.7110000000000001
0.591
0.51
0.969
0.881
0.652
0.379
0.21700000000000008
0.958
0.878
0.597
0.3590000000000001
0.10299999999999998
0.901
0.738
0.51
0.362
0.258
0.914
0.802
0.5800000000000001
0.384
0.16599999999999993
0.9319999999999999
0.827
0.591
0.531
