93.80000
79.40000
73.80000
62.50000
53.30000
98.70000
93.10000
80.30000
49.90000
31.30000
98.80000
86.50000
63.60000
42.40000
17.30000
94.80000
74.70000
62.40000
51.00000
43.50000
95.70000
85.80000
65.90000
52.90000
25.00000
94.40000
79.90000
69.00000
62.90000
96.80000
87.50000
75.50000
62.70000
49.90000
97.00000
93.50000
61.10000
39.30000
18.10000
97.30000
80.90000
51.40000
24.60000
4.40000
87.40000
68.10000
52.50000
39.90000
29.20000
97.50000
88.60000
74.10000
53.60000
10.40000
96.20000
83.70000
63.30000
54.70000
97.10000
91.90000
78.50000
61.70000
52.80000
100.00000
95.00000
67.20000
26.30000
16.80000
100.00000
88.20000
61.10000
30.30000
9.60000
93.20000
75.70000
50.20000
38.00000
27.60000
91.70000
78.40000
63.70000
42.90000
8.70000
88.30000
66.10000
39.50000
31.00000
97.20000
91.20000
74.80000
59.10000
48.30000
96.30000
92.40000
72.70000
25.70000
18.40000
96.20000
79.70000
59.10000
34.90000
17.50000
94.90000
70.70000
57.10000
40.50000
30.30000
93.90000
81.80000
65.20000
36.40000
22.30000
96.40000
86.10000
65.50000
54.20000
97.30000
91.10000
74.80000
56.50000
45.50000
97.70000
96.90000
59.00000
30.10000
19.20000
97.20000
85.70000
54.00000
22.10000
7.40000
97.20000
80.50000
61.80000
45.10000
27.30000
92.20000
79.80000
51.80000
22.10000
4.70000
93.00000
74.40000
48.50000
38.50000
89.60000
79.40000
65.10000
56.10000
50.20000
95.90000
84.00000
62.20000
29.60000
18.80000
92.10000
79.10000
59.50000
36.10000
21.50000
77.80000
67.50000
49.70000
40.50000
33.30000
93.30000
85.30000
60.10000
49.20000
25.00000
88.90000
71.50000
59.20000
48.30000
97.20000
88.00000
72.80000
58.70000
51.10000
97.10000
97.00000
76.40000
48.60000
30.40000
97.10000
95.70000
67.70000
45.30000
23.40000
96.80000
77.40000
62.40000
43.00000
30.10000
96.80000
81.30000
71.00000
51.50000
24.20000
85.70000
71.10000
44.60000
43.50000
99.40000
89.10000
79.60000
67.50000
53.00000
99.80000
96.60000
74.20000
41.40000
27.60000
99.80000
92.70000
61.40000
36.90000
19.50000
98.80000
91.10000
73.50000
53.30000
36.10000
95.30000
75.10000
59.20000
41.10000
21.50000
90.30000
79.00000
64.80000
58.30000
96.70000
93.50000
82.80000
76.30000
64.20000
96.80000
93.20000
78.00000
45.00000
29.00000
97.30000
92.60000
75.50000
45.40000
18.90000
95.40000
75.30000
62.90000
51.60000
35.50000
95.60000
87.80000
75.30000
59.50000
23.70000
92.40000
80.00000
60.10000
91.20000
85.00000
72.50000
62.50000
52.00000
97.80000
86.60000
35.30000
23.80000
15.40000
95.60000
76.20000
44.10000
23.80000
2.30000
83.00000
72.80000
55.20000
43.10000
31.90000
96.30000
85.10000
73.80000
46.20000
14.40000
97.30000
85.50000
72.00000
62.10000
94.80000
87.00000
78.40000
68.80000
56.00000
99.20000
82.00000
48.20000
27.50000
20.90000
99.20000
82.40000
48.20000
19.20000
2.80000
93.40000
73.00000
59.70000
51.30000
39.30000
94.40000
63.90000
41.70000
20.00000
8.70000
91.00000
78.80000
65.80000
61.10000
98.60000
93.60000
86.40000
75.00000
61.90000
98.40000
92.50000
84.60000
67.80000
44.90000
98.50000
94.40000
82.10000
62.10000
39.10000
97.70000
90.80000
66.70000
59.90000
42.40000
98.40000
89.00000
82.00000
71.00000
55.80000
95.30000
81.70000
64.40000
53.00000
97.10000
94.00000
88.30000
79.80000
66.40000
97.80000
95.30000
86.50000
53.70000
26.60000
97.80000
95.60000
83.00000
62.30000
38.30000
99.60000
81.00000
66.20000
54.90000
39.00000
98.70000
93.20000
76.90000
65.90000
43.00000
89.50000
76.10000
54.80000
96.80000
84.90000
74.50000
61.60000
51.30000
98.30000
72.60000
46.80000
34.50000
23.00000
96.90000
73.30000
49.10000
23.70000
9.30000
96.80000
80.70000
64.80000
49.50000
35.80000
94.10000
77.30000
53.80000
32.70000
3.40000
90.80000
69.50000
35.90000
97.80000
86.30000
70.50000
56.30000
46.40000
97.90000
92.10000
84.40000
57.10000
27.00000
93.50000
83.30000
75.20000
59.20000
31.80000
87.50000
71.00000
56.00000
42.90000
34.10000
92.60000
83.70000
70.40000
53.00000
34.50000
90.60000
73.50000
59.00000
49.40000
100.00000
94.30000
86.80000
73.30000
55.80000
100.00000
99.10000
96.20000
73.10000
36.10000
100.00000
95.50000
84.00000
60.60000
30.70000
98.20000
85.70000
67.70000
48.20000
32.70000
98.70000
92.20000
79.30000
64.90000
41.00000
97.70000
84.30000
63.10000
54.20000
98.80000
91.90000
81.70000
67.50000
53.20000
98.40000
93.70000
67.60000
43.20000
23.40000
98.50000
89.40000
61.90000
33.50000
17.90000
96.90000
79.20000
68.00000
48.60000
40.20000
95.20000
82.30000
64.10000
41.20000
21.00000
98.70000
85.80000
74.20000
67.70000
96.00000
93.10000
77.60000
59.90000
52.40000
97.70000
90.80000
63.80000
30.10000
17.30000
94.50000
85.00000
62.70000
27.70000
11.30000
91.30000
74.60000
50.90000
38.20000
26.50000
96.50000
82.80000
63.50000
39.30000
13.20000
93.80000
77.60000
63.00000
54.10000
94.90000
81.20000
67.70000
56.80000
45.50000
97.30000
90.10000
57.50000
25.50000
15.40000
96.80000
81.80000
56.60000
31.90000
11.40000
90.50000
69.00000
47.60000
34.70000
24.80000
91.20000
77.00000
61.90000
43.10000
15.40000
92.60000
80.20000
61.00000
52.90000
99.70000
89.50000
81.50000
61.80000
48.70000
98.60000
92.50000
70.00000
40.10000
17.10000
98.30000
82.80000
63.60000
32.90000
9.00000
96.80000
86.10000
66.40000
48.70000
26.20000
96.60000
81.20000
52.90000
33.00000
12.00000
94.40000
80.80000
62.90000
55.00000
96.80000
86.90000
74.10000
61.80000
48.70000
97.60000
95.70000
81.90000
46.30000
33.40000
98.20000
91.00000
69.40000
49.90000
24.60000
80.20000
70.30000
57.80000
45.30000
36.40000
98.90000
91.70000
75.80000
58.40000
34.20000
87.50000
71.00000
60.70000
49.40000
96.90000
86.40000
76.30000
64.50000
53.70000
98.00000
87.50000
69.30000
33.70000
22.00000
99.60000
92.00000
60.90000
39.50000
16.30000
97.80000
82.00000
64.40000
42.50000
29.80000
95.40000
83.90000
60.50000
45.10000
23.10000
91.90000
81.60000
66.70000
59.00000
98.10000
93.70000
78.80000
70.70000
56.60000
97.80000
94.00000
73.90000
44.50000
28.90000
99.60000
92.20000
81.30000
44.50000
24.30000
95.20000
77.50000
58.90000
46.40000
32.10000
98.00000
86.00000
70.00000
54.00000
30.40000
95.90000
77.90000
68.00000
62.10000
95.80000
82.10000
67.40000
54.20000
45.10000
95.70000
88.30000
65.80000
27.80000
17.40000
94.20000
82.10000
60.90000
39.40000
11.10000
77.60000
63.10000
46.10000
39.30000
26.60000
91.30000
80.90000
69.30000
45.20000
15.40000
90.60000
74.00000
59.80000
53.50000
96.10000
79.40000
69.80000
59.10000
48.50000
96.90000
56.40000
30.70000
11.50000
8.20000
97.60000
69.90000
34.50000
14.90000
0.00000
88.10000
66.10000
46.90000
38.30000
27.90000
92.70000
69.10000
27.40000
3.70000
0.10000
94.80000
86.90000
72.70000
58.70000
96.50000
83.40000
67.80000
58.10000
42.30000
95.30000
63.10000
28.60000
22.40000
10.90000
96.70000
68.70000
42.80000
16.30000
3.30000
92.80000
63.40000
41.40000
30.30000
18.40000
92.50000
70.70000
44.10000
18.20000
3.70000
90.90000
68.50000
37.50000
97.10000
91.00000
78.00000
65.80000
55.00000
97.40000
94.30000
83.20000
42.20000
27.30000
96.40000
83.60000
65.00000
46.70000
23.60000
93.30000
70.60000
56.80000
41.40000
29.90000
96.40000
88.50000
77.00000
59.30000
39.40000
94.40000
78.50000
56.70000
50.30000
98.00000
88.10000
80.10000
67.10000
56.40000
98.50000
87.10000
51.20000
31.00000
22.50000
99.80000
83.80000
46.80000
19.80000
1.60000
96.10000
82.70000
65.50000
46.20000
34.70000
94.00000
76.50000
48.20000
25.30000
6.70000
92.10000
80.10000
59.30000
44.60000
98.20000
90.20000
78.60000
65.30000
52.80000
96.20000
89.20000
77.10000
41.00000
27.00000
95.50000
88.60000
68.30000
45.20000
22.80000
93.50000
79.70000
62.90000
40.00000
31.70000
94.40000
79.40000
65.10000
47.90000
28.10000
94.40000
79.70000
66.80000
61.50000
94.80000
80.30000
71.10000
59.10000
51.00000
96.90000
88.10000
65.20000
37.90000
21.70000
95.80000
87.80000
59.70000
35.90000
10.30000
90.10000
73.80000
51.00000
36.20000
25.80000
91.40000
80.20000
58.00000
38.40000
16.60000
93.20000
82.70000
59.10000
53.10000
