PSNRY,PSNRCb,PSNRCr
41.2805,41.8146,41.4132
35.8013,36.3476,35.9201
31.0041,31.594,31.1689
26.867,27.529,27.0195
23.5098,24.2962,23.6471
54.5581,42.2325,37.8542
36.9622,38.6306,35.5103
29.9549,35.9818,32.3779
25.2435,32.7374,29.0544
23.0126,27.832,26.1726
42.0903,43.9814,41.5292
34.6626,39.6848,37.3016
29,37.2379,34.5509
24.4269,34.3495,30.9088
20.7832,31.7958,27.3829
41.3256,41.8762,41.5151
35.3676,36.2101,36.3989
31.0437,31.4936,31.1198
26.8171,27.8031,27.0586
23.5228,24.4101,23.4675
38.255,52.6053,48.9111
32.4009,48.0527,43.6532
27.6726,43.8647,39.2232
23.6292,39.527,34.6158
20.5932,35.196,28.5827
30.8891,45.1789,37.1004
23.7393,38.2553,30.0133
18.1467,32.7057,24.4443
16.9607,31.504,23.2298
41.3694,41.9641,41.4919
35.8693,36.484,36.0285
31.1339,31.7472,31.2857
27.003,27.6098,27.191
23.4128,24.0085,23.6376
40.5581,44.3286,44.5139
33.2839,42.8031,42.875
28.2662,39.1086,39.4958
25.3938,33.7271,33.9346
22.3566,28.9857,33.3276
39.8422,44.7598,44.4681
33.2106,43.0268,43.081
27.819,41.0755,40.9267
23.6657,39.7167,39.5
20.2189,37.3372,33.3279
41.2869,42.5767,40.6956
35.8674,36.4127,36.141
30.6599,31.7008,31.526
26.656,28.2359,27.1147
23.9393,24.1831,23.5048
37.8513,54.1051,54.2057
32.5475,51.2285,51.2771
27.5064,48.0135,48.047
23.4679,45.2824,45.3561
20.0558,41.699,41.5809
30.2705,44.5587,48.7332
22.9722,37.5709,42.2973
17.569,32.207,37.0849
16.4749,31.0859,36.0553
41.4307,42.0108,41.573
35.8676,36.4876,36.0263
31.0093,31.6501,31.1955
26.8994,27.5238,27.0725
23.4414,24.0858,23.6144
40.5749,43.1403,42.3442
33.8002,41.2537,40.5134
28.3143,37.7849,37.6577
23.2218,31.9122,32.8191
21.893,31.817,31.8311
40.3145,44.4714,43.1602
33.503,41.7103,41.0463
28.1799,39.2479,38.7779
23.8399,37.2942,36.6306
20.2063,35.8834,34.142
41.4429,42.0195,41.411
35.9329,35.7958,36.1021
30.6194,32.2521,30.5567
27.0261,27.7959,26.8198
24.1052,24.8264,24.1809
38.119,53.1257,52.8282
32.3747,49.6533,49.09
27.5548,46.4197,45.6044
23.4571,43.139,42.07
20.1807,37.864,37.2089
30.468,46.4413,45.2765
23.1682,39.6371,38.3779
17.6845,34.1959,32.9072
16.4989,32.9782,31.7458
41.1759,41.8283,41.311
35.7153,36.3934,35.8514
30.8917,31.6842,31.0721
26.9804,27.8281,27.1923
23.457,24.3816,23.7565
42.0343,43.5727,44.7983
33.2466,41.1551,42.4432
28.3465,37.8504,38.4923
23.4387,29.8014,29.6891
22.0156,28.8972,28.7778
39.7087,44.583,44.8875
33.1231,41.4226,41.9844
27.947,39.2793,40.2085
23.5175,37.3186,38.5248
20.123,34.6958,36.8648
41.4798,42.3942,41.3003
35.739,35.8297,36.5496
31.6166,32.1236,30.8339
27.0962,27.2868,26.8904
22.7512,24.0915,24.0905
38.0459,54.4534,54.7189
32.309,50.5105,51.065
27.4575,46.8081,47.7907
23.4626,43.3945,44.9052
19.9665,39.6994,41.3725
30.0396,47.72,48.0457
23.0014,41.2233,41.7789
17.4676,35.8278,36.4314
15.6417,34.0259,34.6203
40.9855,42.0565,41.3544
35.7102,36.8472,36.2149
30.7162,31.9594,31.3362
26.5601,27.9029,27.2508
23.032,24.587,23.8147
57.9635,38.9842,45.5645
36.1368,35.4029,40.8381
30.1062,32.1872,36.0106
26.4091,29.7868,32.4566
24.1726,28.1786,30.5461
40.1551,43.7246,44.1284
34.1904,37.6094,39.8881
28.563,33.881,37.3691
24.1105,30.2776,33.7904
20.8242,26.9774,28.395
41.562,42.5997,41.3417
35.0478,36.6511,36.5275
31.0169,31.564,31.6957
26.0777,28.3448,26.9652
23.4593,24.5514,23.7898
38.2282,45.6861,51.6878
32.6901,40.7019,47.332
27.5571,36.0409,43.1636
23.5222,31.5313,38.4708
20.043,28.3529,34.4722
30.0703,37.7654,43.1769
22.7327,30.5069,36.0423
17.4146,25.1534,30.719
16.2197,24.011,29.561
41.2768,41.8386,41.3889
35.941,36.5556,36.0735
30.948,31.5622,31.1127
27.0331,27.6369,27.1733
23.3645,24.0524,23.5831
43.2113,41.8013,43.5053
32.9537,38.6814,40.0403
28.9913,36.2302,37.2568
24.7215,31.978,33.833
21.1691,28.0413,32.1603
41.0082,43.0219,43.566
33.8543,39.9723,41.0305
28.6289,37.5542,38.2821
24.1776,35.1504,35.8343
20.4545,32.4348,33.5767
41.2319,42.1623,41.1686
36.0022,36.052,36.1033
30.8189,32.1399,30.8538
27.6849,27.5962,26.816
23.6148,24.005,23.8209
38.4077,53.3653,54.6618
32.5222,49.2118,51.2927
27.9361,45.6486,48.0927
23.7548,42.0245,44.3043
20.1254,37.5629,39.8016
32.0149,36.0194,38.5074
24.7406,28.7838,31.3577
19.3358,23.3813,25.8416
18.1489,22.1882,24.6473
41.2752,41.8748,41.4301
35.8153,36.4481,35.995
30.9064,31.5352,31.0709
26.9959,27.6339,27.1742
23.576,24.2267,23.724
57.2896,39.4977,40.014
36.2942,37.0887,37.0913
29.3939,35.4755,34.7816
24.6347,32.6783,31.5295
22.4887,30.292,29.5542
41.5609,43.2642,42.6398
35.1434,38.4477,37.9067
29.0537,35.8169,35.3748
24.3102,34.4603,33.3842
20.4835,32.6234,30.5873
41.5815,41.8264,41.2076
36.1058,36.1936,35.981
31.4105,32.1148,30.8028
27.5139,27.8373,26.8013
23.8154,24.2527,23.7715
38.164,50.6301,51.4255
32.7108,46.2875,47.2114
27.7906,42.0494,42.85
23.8323,38.8157,38.9524
20.237,33.9095,31.8921
31.0806,38.547,39.1765
23.7624,31.274,31.9237
18.4683,25.9998,26.6397
17.2347,24.779,25.3955
41.2496,41.8398,41.4024
35.6764,36.3149,35.8495
30.9713,31.6073,31.1785
26.8445,27.4795,27.0677
23.4405,24.0903,23.7253
50.1004,40.6754,41.474
37.6649,36.3158,37.1579
30.9448,32.3608,33.4682
25.4181,27.8748,29.4965
23.6039,26.3899,27.9568
41.1237,43.3358,43.2966
34.8061,38.6338,38.4222
29.4061,34.6507,34.2513
24.9508,30.9358,31.7709
21.4375,27.8722,29.1472
41.3949,41.9429,41.5755
36.0846,36.4222,35.7585
30.9063,31.6672,31.3259
27.5719,27.5474,27.3791
23.0048,24.5061,24.0243
38.0966,48.8745,49.3748
32.5202,44.2341,44.8887
27.7065,39.9383,40.883
23.7608,35.3326,36.9541
20.5603,31.1251,33.3353
30.5873,39.2945,40.977
23.3965,32.1875,33.9036
17.9449,26.7442,28.47
16.7126,25.5142,27.2397
41.1888,41.7909,41.3342
35.9309,36.557,36.0955
31.0899,31.6975,31.2424
26.96,27.6038,27.1307
23.395,24.0286,23.5605
54.0516,41.22,41.8504
35.4764,37.4437,38.2353
29.4835,34.8131,35.4706
24.844,31.5819,31.1942
23.1456,28.3846,28.7396
41.2706,43.3076,42.9268
34.7853,38.4818,38.6455
28.7698,36.12,36.3668
24.0342,34.1003,34.32
20.2745,32.6248,32.828
42.1137,41.9209,40.7542
35.682,36.5621,36.3766
31.2647,31.1869,30.9859
27.1036,27.9886,26.7519
22.9893,24.3662,23.9875
38.5496,49.5065,49.9628
32.9122,45.0009,45.5199
27.9768,41.3757,41.9807
23.6987,38.4999,39.2917
20.1618,35.6088,36.3634
30.3295,41.6211,41.1706
23.2133,34.6472,34.1967
17.6177,29.0847,28.6222
41.2933,42.2643,41.5886
35.7245,36.8143,36.146
30.6873,31.8579,31.2121
26.759,27.9796,27.3361
23.1365,24.3817,23.7227
56.3682,39.0349,45.1361
36.614,36.0272,41.4367
30.4331,32.0989,34.9585
28.1192,29.6044,31.7506
25.7875,28.1494,29.7288
41.3672,42.9662,45.2364
35.2374,37.8881,41.4757
30.0091,34.1912,38.0061
25.4946,31.6852,34.7688
21.7805,27.636,32.4986
41.3569,42.6138,41.0904
36.1044,36.9644,36.2733
30.287,32.2262,31.5215
26.4384,27.6015,27.3547
22.9167,24.6601,23.8253
39.7442,45.3723,50.6816
33.9036,40.2492,46.2833
29.0219,36.8419,43.0507
24.7925,33.9516,39.364
21.3902,30.856,35.4261
31.2904,38.4169,41.1748
24.1122,31.5479,34.2664
18.5779,26.0105,28.7479
16.7124,24.2013,26.9373
41.3587,41.9406,41.5026
35.8749,36.4608,36.0286
31.1329,31.7775,31.3021
27.0349,27.6724,27.1869
23.3567,24.0582,23.5481
41.389,43.2321,42.9102
33.9313,39.5574,38.7902
29.5559,35.0618,34.0768
25.1372,26.0116,27.0886
24.8499,26.0115,27.0875
39.5889,44.6046,43.7048
33.2492,41.0476,40.4522
28.2474,38.5593,36.8515
24.3662,34.6665,31.8964
21.16,25.1267,30.7399
41.5749,41.892,41.2134
35.6952,36.1692,36.1195
31.0346,31.6373,30.9124
27.4069,27.4458,26.7678
23.269,24.2159,23.5675
37.8959,49.4871,49.0096
32.2236,45.6178,45.0001
27.5423,42.5251,40.5335
23.6447,39.4797,35.9449
20.2058,36.8193,32.8994
30.7926,41.1103,37.7618
23.7623,34.2215,30.7737
18.3369,28.8241,25.3484
17.1793,27.6609,24.1895
41.4551,42.0738,41.6393
35.6655,36.2619,35.8347
30.9673,31.5456,31.1505
26.8588,27.5295,27.1054
23.369,24.116,23.6533
54.1009,35.6171,40.1807
39.9218,34.5554,38.2137
30.3302,32.4754,35.8561
24.8728,30.6121,33.4256
21.1112,28.3482,30.4986
41.4545,43.2688,42.7879
35.6516,37.379,38.1888
29.8021,33.2681,35.2435
24.8152,31.2247,33.297
20.8007,29.7794,32.0365
41.6813,41.2841,42.1886
36.1715,36.0374,36.0949
30.5834,31.7604,31.4533
26.4997,27.4607,27.8696
23.2224,23.9802,23.5696
38.251,49.9394,53.3405
32.8879,45.3422,49.5762
27.8809,40.7647,45.4047
23.8189,37.2279,41.8509
20.3059,34.5387,38.8152
30.3236,38.5462,43.4025
23.1973,31.4689,36.4819
17.7198,26.0125,31.0542
13.7438,22.041,27.0811
41.3396,41.9536,41.4932
35.8629,36.4633,36.0063
31.1383,31.7788,31.2817
27.0049,27.6803,27.1773
23.3436,24.044,23.5545
43.5797,40.6022,40.3311
35.6161,37.6789,37.8459
29.252,35.1442,35.8601
24.3582,31.9915,33.0889
20.1627,28.5694,26.2752
41.2887,43.3762,42.5909
34.6761,38.8525,37.865
28.8727,36.0325,35.9293
24.328,34.1336,34.9998
20.5633,32.9142,33.9216
41.2602,42.09,41.3908
35.8383,36.8037,35.1899
30.9472,32.0239,31.4776
25.9422,28.2695,27.2129
23.094,24.3916,23.7406
38.2307,52.5552,52.2568
32.6636,48.8963,48.426
27.8407,45.1093,44.5808
23.7636,41.449,41.1343
20.2701,36.9604,37.4835
30.5893,44.6889,41.7884
23.3099,37.7294,34.6749
17.9074,32.3704,29.2897
41.4312,42.0207,41.5573
35.7575,36.3381,35.8925
31.0689,31.6961,31.2118
27.0694,27.6827,27.2415
23.3878,24.0704,23.5631
40.8397,46.6223,42.3587
34.0964,41.4299,38.8567
30.0041,34.0168,34.6695
27.7183,35.9858,32.5001
24.3761,27.4848,31.638
39.7095,47.0913,43.6675
33.6462,43.6773,40.1543
28.4325,40.3535,37.594
24.0659,35.7083,36.2193
21.0469,33.1807,30.7094
41.3052,41.8956,41.4585
35.9734,36.0696,36.1534
31.1841,31.4559,30.932
27.4442,27.4688,27.0187
23.4145,23.9613,23.6152
38.283,54.3009,51.1291
32.6079,51.6447,46.9799
27.7469,48.6297,43.446
23.7105,44.593,40.581
20.2282,39.554,37.7284
30.821,36.8124,44.2448
23.7001,29.7376,37.5263
18.1485,24.1573,32.0562
41.1779,41.932,41.4117
35.6501,36.4357,35.9321
30.8427,31.6681,31.2027
26.8698,27.7045,27.2295
23.4414,24.3277,23.8247
53.9443,40.3081,44.4527
34.8791,37.6001,41.7321
28.4002,36.0267,40.2744
23.9468,32.9794,37.1648
20.6761,29.0345,32.0072
41.562,43.1711,43.428
34.3476,38.5837,40.8287
28.2748,36.1285,39.4613
23.7497,34.3654,38.3209
20.1802,32.223,37.1184
41.3227,42.0852,41.8246
35.7342,36.8985,35.9243
31.2723,32.0205,30.8601
26.4977,27.5756,27.8136
23.4347,24.3712,24.0836
37.7762,52.3179,54.5361
32.263,48.0613,51.2202
27.4172,43.8202,47.642
23.5192,40.2883,44.6838
20.068,36.384,41.8265
30.2406,42.9237,48.2367
23.1111,35.9714,41.8994
17.64,30.5301,36.5997
16.5529,29.4627,35.5086
41.1995,41.8764,41.368
35.6951,36.3834,35.8844
30.9511,31.7,31.1598
26.8276,27.6108,27.0618
23.436,24.2801,23.7054
51.2692,39.905,37.6279
37.4247,37.7432,35.8114
29.0329,35.841,34.1484
24.2522,33.4814,32.337
21.0184,29.3831,29.2402
41.5469,43.5314,42.7134
35.4803,38.7909,36.6351
29.2027,36.0019,34.184
24.1315,33.9902,32.657
20.3097,32.6424,31.4884
40.5358,42.4255,41.5392
35.896,35.7701,36.1434
30.1085,31.6425,31.5546
27.2052,28.011,26.8705
23.4434,24.4026,23.619
38.1936,52.7333,51.0822
32.3792,48.3098,46.1616
27.634,44.3008,41.9276
23.5542,40.9185,38.5128
20.0235,38.1355,35.882
30.4139,43.3379,42.3815
23.1757,36.32,35.3267
17.7464,30.931,29.9175
16.623,29.8126,28.7998
41.3082,42.0183,41.4888
35.6239,36.3558,35.8271
30.9566,31.7323,31.2162
26.8088,27.6214,27.0829
23.3457,24.2616,23.6968
41.2887,42.4331,44.7983
33.7821,39.4772,42.2729
28.7983,35.3221,37.3279
26.0047,31.8823,34.2155
22.692,29.0154,33.963
39.9222,44.6195,44.8589
33.2707,41.0507,42.5461
28.0873,37.9488,40.4636
23.6869,34.8604,39.3018
20.296,32.0803,33.9456
40.811,41.6867,41.4505
35.8384,36.8084,35.7356
30.9026,31.7671,31.8556
26.945,27.5456,26.8978
23.1191,24.5916,23.4872
38.1765,52.1539,53.3197
32.5087,48.3758,50.1402
27.6421,44.9403,47.3722
23.3674,41.2716,44.6815
19.9471,37.3637,42.0778
30.2213,47.3574,51.4059
22.9744,40.6249,45.7693
17.5299,35.2701,40.673
16.4025,34.1525,39.5275
41.2034,41.8197,41.3474
35.7571,36.358,35.9014
31.0988,31.6953,31.2576
27.0255,27.6738,27.2258
23.3605,24.0027,23.6429
47.4156,40.5439,42.6914
35.7023,37.1053,38.6836
30.1042,33.7856,34.7826
25.8559,30.0181,30.0917
23.3857,28.0375,28.1801
40.7914,43.7329,43.1903
34.1285,39.0055,40.3068
29.1363,35.7117,36.7036
24.6912,32.1816,32.4035
20.749,29.2481,29.9233
41.4732,41.6154,41.2213
35.5322,36.5409,36.5927
31.1346,31.8165,30.3567
27.3269,27.1962,27.4406
23.3776,24.2672,23.4904
38.8028,48.0341,49.9182
33.1737,43.274,45.4583
28.0991,39.2319,41.164
23.9412,34.9093,36.3649
20.1254,30.6822,32.0732
30.2317,39.973,42.9895
23.0723,32.9156,36.0069
17.6147,27.4692,30.5969
16.4015,26.2602,29.3809
41.3378,41.9666,41.6134
35.7276,36.3844,35.9992
30.822,31.5459,31.2078
26.8756,27.6125,27.254
23.4226,24.2105,23.8859
40.974,43.6321,43.8482
33.2465,41.9902,42.2534
28.0831,38.8857,39.6145
24.576,33.0038,33.7131
21.9149,31.478,32.8196
40.364,44.0486,43.7982
33.4002,42.3653,42.1012
28.0127,40.3426,40.6791
23.7854,38.9923,39.4771
20.1419,36.6687,38.1808
40.6447,41.4567,41.8569
35.9483,36.0097,36.3202
30.7879,31.8925,31.4692
26.9205,27.4852,27.4455
22.9992,23.5369,23.9661
38.1041,54.357,54.6482
32.5908,50.8578,51.2987
27.8101,47.3698,47.8346
23.5182,43.792,44.1969
20.0904,39.7394,41.1005
30.2296,48.0444,49.6885
22.92,41.459,43.2728
17.3762,36.0663,37.9079
16.335,34.9875,36.9136
41.0328,42.1343,41.535
35.4489,36.6068,36.0651
30.6137,31.8745,31.3326
26.4979,27.8582,27.2605
23.0048,24.6113,23.8853
58.4698,38.6129,45.3859
36.848,35.3577,40.9075
29.4698,32.5809,36.8516
25.6186,30.0405,33.2634
22.5369,28.8128,29.5232
41.1768,42.7762,43.9482
33.9966,37.8036,40.9495
28.5844,34.3678,37.8754
24.1906,31.5256,35.1777
20.2023,28.6499,33.6904
41.1984,42.4238,41.2528
35.8924,37.0146,35.7066
30.6145,32.3507,31.3413
26.9965,27.8703,27.4355
23.1191,24.774,23.3898
38.0554,47.3409,52.626
32.501,42.3788,48.6695
27.5043,38.0387,44.8865
23.4503,34.088,40.6887
20.0489,30.7001,36.2666
29.9697,40.6896,45.3401
22.7571,33.5131,38.3317
17.3491,28.104,32.955
16.3047,27.0642,31.9162
41.4054,41.9878,41.5293
35.7682,36.3726,35.9249
31.0922,31.74,31.3098
27.0122,27.644,27.2687
23.3057,23.9475,23.6463
46.7544,43.1403,39.6983
34.4327,40.4716,37.7881
28.2525,38.6035,36.7448
23.9425,34.3297,34.1759
22.0267,32.5011,30.2272
41.3808,44.4858,41.7702
34.1361,40.7302,37.9512
27.9942,38.7532,36.6959
23.6113,36.7538,35.6438
20.1277,34.2064,34.1163
41.5708,42.3979,41.0736
35.5299,36.5033,36.1261
31.1595,31.2674,31.5199
26.5939,28.2651,26.6384
23.7788,23.8401,23.6304
38.0162,54.3254,52.1412
32.3768,50.9105,47.7577
27.3756,47.2213,43.4427
23.3917,43.8428,40.0661
19.9874,39.6512,37.4934
30.0374,39.3733,43.7237
22.9051,32.3716,36.8846
17.426,26.9034,31.418
16.2543,25.7355,30.2598
41.2124,41.8696,41.365
35.7558,36.4339,35.927
30.9956,31.7121,31.2284
26.8499,27.6091,27.0745
23.506,24.2743,23.7195
49.8487,41.7581,40.2379
36.8025,37.1266,35.3271
31.213,33.834,32.0088
26.2316,30.1599,29.3821
22.9586,28.7209,26.541
40.9772,43.9768,42.8626
35.0588,39.1946,37.8796
29.8421,35.2109,32.8758
24.8859,33.3095,30.7548
20.7914,30.9092,28.8612
41.4378,42.0829,41.2555
36.0747,36.6404,36.1598
30.8354,32.1821,31.2087
26.7904,27.6156,27.1419
23.4106,23.6446,24.0518
39.1338,47.6973,46.2776
33.1651,43.1383,41.4484
28.2703,39.9253,37.8872
24.0594,37.0702,34.7241
20.4127,34.0353,31.8131
30.4048,42.7177,39.2887
23.1504,35.6595,32.1516
17.6101,30.1591,26.6076
16.4811,29.028,25.4675
41.2912,42.347,41.6794
35.4806,36.6765,36.0452
30.6171,31.8782,31.3102
26.6304,27.9728,27.4225
23.1282,24.5684,24.0204
41.2378,44.1483,41.9738
33.392,41.8915,39.8006
28.368,38.4268,36.165
25.1316,34.8474,31.8463
21.786,34.7376,29.859
39.9902,44.9818,43.2296
33.4358,41.8928,39.7592
28.0748,39.8938,37.5078
23.9107,38.3388,35.1252
20.2302,34.7437,34.3751
41.1297,42.2578,41.4603
35.525,36.7707,35.9113
30.9715,31.6107,31.7102
26.6792,27.9273,27.3375
22.7372,25.1912,24.0899
37.9609,53.8407,52.7634
32.509,50.3166,48.6532
27.6898,46.9216,44.9085
23.521,44.0698,41.6818
20.0797,41.7983,39.119
30.2331,51.9215,48.7033
22.9472,46.8515,42.1718
17.5064,41.7295,36.8441
16.3321,40.6029,35.7114
41.2749,42.0693,41.4472
35.5956,36.4262,35.7783
30.8958,31.7667,31.138
26.7431,27.6218,27.0142
23.2707,24.2198,23.5787
52.064,34.9158,37.8206
42.0951,34.4494,37.0684
31.3162,31.4592,33.8584
25.8705,28.3693,29.8639
22.999,25.837,26.6511
41.3707,42.9885,43.9757
35.6469,36.7821,38.0359
29.5956,32.7904,34.1216
24.522,29.6593,31.4615
20.6486,26.1427,28.647
40.912,42.2434,41.5734
35.5264,36.4381,35.3592
30.8529,31.5908,31.3849
27.1535,27.992,26.8699
22.9193,24.6253,23.1964
38.8231,43.5947,47.2755
33.1152,38.3325,42.1308
28.0737,34.4133,37.968
23.5615,30.8146,34.6123
20.0884,26.5233,30.4776
32.7519,33.6832,35.3324
25.6404,26.5871,28.2319
20.0408,21.01,22.625
17.7434,18.7082,20.3316
41.2999,42.0454,41.5108
35.6057,36.387,35.8975
30.8393,31.672,31.2075
26.8322,27.6747,27.2757
23.2621,24.0984,23.7381
41.5254,42.0029,45.14
35.8551,36.9535,39.8022
31.8209,33.4683,35.2849
27.7249,28.174,33.5156
27.7249,28.174,33.5156
39.911,44.5065,45.1916
34.0192,39.2645,41.2343
28.8107,34.0374,38.8272
24.4891,31.9692,31.4224
22.3229,24.5648,31.3889
41.2072,42.2477,41.6239
36.4421,36.597,35.5376
30.8467,31.7123,31.2334
26.9252,27.1387,27.5764
24.0613,24.3878,23.6348
38.8371,47.2005,50.4994
32.7887,42.1963,46.0544
27.6695,36.6123,41.9637
23.5185,32.486,38.1686
19.8442,28.7859,35.1326
30.2034,39.4655,44.1513
23.0411,32.3868,37.2481
17.7245,27.0767,31.962
16.4782,25.8347,30.7424
41.2719,41.8744,41.4193
35.8369,36.4329,35.9527
30.9004,31.534,31.0717
27.0091,27.6595,27.166
23.3655,24.0866,23.5257
41.0969,42.587,44.6544
34.5318,38.4536,40.5616
28.8605,33.4994,32.7323
28.0376,31.6064,32.1561
25.0743,26.5117,31.6637
39.6707,44.6026,45.1728
33.353,40.3667,42.061
28.3435,36.6629,39.5389
23.883,34.9754,37.6572
20.3338,32.4687,31.6344
41.3974,41.6088,41.6448
35.8261,36.5458,36.0643
31.175,31.5637,31.5037
27.5183,27.6836,26.9809
23.4892,24.1912,23.8182
38.1248,49.6614,50.6702
32.5366,46.058,47.827
27.6871,42.4732,45.2261
23.6228,39.0701,42.602
20.2198,36.0485,39.6186
30.6622,39.5421,45.7334
23.4515,32.3625,39.0253
17.9301,26.89,33.5473
41.2385,41.8804,41.3912
35.6715,36.3313,35.8445
30.9261,31.571,31.0889
27.0452,27.7469,27.242
23.3839,24.0872,23.6056
43.1539,41.9651,42.3828
33.7667,39.9514,40.075
28.2818,38.0401,38.0429
23.6526,34.0566,34.2085
21.8086,32.5005,30.8292
40.3988,44.1764,43.1465
33.7917,41.0051,40.6346
28.1428,38.3923,38.3627
23.8527,36.5687,36.2167
20.3963,34.1322,33.728
41.655,42.5075,41.2217
35.5527,36.6554,36.1875
30.7609,31.9534,31.1398
27.1651,27.6062,26.8708
23.8001,23.89,23.3162
37.9769,54.1551,54.8052
32.5321,50.5515,51.4023
27.7476,46.9493,47.8991
23.4937,43.6477,44.457
20.0138,40.3761,40.6897
30.151,43.2111,44.2402
23.0707,36.2923,37.4314
17.5697,30.8907,31.9799
16.4665,29.7685,30.8847
41.29,41.9374,41.4181
35.7034,36.3629,35.9166
31.1288,31.8406,31.3182
27.014,27.6913,27.203
23.3904,24.1883,23.6431
41.6676,42.3272,43.1931
34.9497,37.6435,39.1756
30.1322,32.8559,35.2457
26.4993,30.4517,31.2742
24.5449,29.7399,30.5844
39.8222,44.3442,44.1434
33.8518,39.3174,40.348
28.489,35.1859,37.2613
23.9607,32.5321,35.9266
20.4051,31.0466,30.1622
41.0979,42.1524,41.1379
35.6225,36.8158,36.4448
31.4085,31.5252,31.0963
26.8835,28.2143,27.2932
23.9385,23.9764,23.7216
38.0657,48.9323,49.0527
32.2687,44.7512,45.5831
27.2417,40.4135,42.7094
23.1716,36.1078,39.8537
19.8574,32.7716,36.5413
30.7181,37.4682,45.2852
23.3783,30.1755,38.3425
18.0099,24.8125,33.0278
16.2076,23.0183,31.2344
41.0991,42.1191,41.4816
35.7429,36.8723,36.2873
30.7941,32.0023,31.4541
26.696,27.9362,27.4393
23.079,24.4179,23.8263
57.3918,38.275,43.8126
37.3944,35.3322,39.9706
29.9358,32.7752,36.6609
24.0596,29.3171,31.7722
22.0005,28.2387,30.6795
41.5034,43.0203,43.2497
34.7852,37.8408,40.428
29.2696,34.1615,37.2901
24.4237,31.6717,34.5435
20.7858,29.4363,31.5963
40.7733,41.6191,41.8013
35.7441,36.5202,36.4322
30.6854,32.0067,31.6005
27.0539,27.3,27.4935
23.1286,24.5713,24.1593
38.428,48.6741,53.0192
32.7589,43.5612,48.8274
27.6763,39.0342,44.6119
23.7688,35.4654,40.7481
20.2699,31.8878,36.1274
29.9331,40.2039,44.1006
22.773,33.2664,37.2292
17.2903,27.7455,31.7379
16.1356,26.5885,30.5821
41.2633,41.8729,41.4376
35.6948,36.344,35.9183
31.0484,31.7296,31.3097
26.8824,27.5634,27.1825
23.4661,24.1504,23.8392
45.2506,42.4393,40.6843
35.2945,38.8863,37.4397
29.3496,34.9427,34.1452
26.108,31.9232,31.2171
22.5933,29.9033,28.2663
40.9249,43.9766,42.3031
34.2074,40.1826,38.5772
28.5941,37.0622,35.4126
24.4202,34.1137,32.4626
20.8813,30.8468,30.6744
41.0644,41.8559,41.2478
35.5415,36.2348,36.5791
31.336,32.0175,30.8871
27.0739,27.1968,27.1697
23.4758,23.494,23.9435
38.2119,50.9258,48.9588
32.5589,46.7062,44.3522
27.9146,42.9073,40.71
23.866,38.1865,36.8108
20.5394,33.4176,32.9523
30.4687,44.8926,40.0217
23.3588,38.1232,32.9658
17.9774,32.8023,27.632
16.7595,31.5873,26.4191
