84.48704558246297
75.90974502322797
31.009138350701278
25.60205203502261
30.770785829134297
46.421268079853995
60.62332443324865
56.57740139502776
65.19704818879804
53.315903875941785
54.320509350960606
87.30791645717146
34.768926213660976
70.60775081940452
96.11093785713643
77.53884213691616
64.40033087994142
88.28543321369112
51.5982788266637
29.05091338573901
36.35506408279645
24.799149282968614
76.7412125264314
23.713253333105484
47.21436354888277
91.38648829669908
74.14575096308918
34.14242582475859
73.03963160632303
24.218871523512206
56.303746488448546
45.82575344814142
32.303220179247404
28.380292723076607
25.854358466258617
26.90825798863935
51.91105309189437
22.67488451633743
86.49892189634943
79.47692621057374
48.98861478662013
37.52402807163843
53.96025718365386
58.715974233167316
94.3485303478091
89.89070591904911
36.62320763598991
78.54290480155346
93.67924825344443
69.92478853422514
17.01726629211349
75.17337623240736
94.09032554458929
19.87871726295201
47.910170059506065
88.9647223917169
87.47665576021329
69.42929823145927
20.83256324041554
79.43301525278656
55.25488974640422
88.66094566338724
57.630679639249294
81.43688036000711
23.76467003626496
33.95582163737457
88.67529005631746
51.27554456188339
63.34866759476672
69.7511948951137
67.74432018587663
57.46144102923606
49.81109057530712
89.76526901435828
93.27562763003515
89.91179559667947
53.31763781738203
92.44254001906583
51.383843326092695
20.152520731147476
56.338611003254535
64.26264100538673
84.17817439601897
87.43507383777593
87.19726747152092
32.90954825831086
53.079851028130925
59.66151907338222
8.627539679570958
41.44090186620557
47.845370746777995
74.27607996111264
89.28728704080366
25.04173589954206
84.75717667338344
57.502930581832
77.4612151674021
59.95014891010257
15.08621542564407
66.18935305214228
39.38661642448113
43.673252235187206
93.84680769944596
56.002297252054255
55.22361905119054
34.54801018657716
43.83876111509954
88.53026151256205
66.88820401886957
94.6740091906636
37.251188217369396
31.468758900839518
18.59938045223413
28.549271447027067
37.41996391927342
41.246195799390634
87.8417178042897
50.026916367276584
72.87708737473201
68.82937561591379
46.718016301495155
46.82480563039922
37.07882866657432
49.81340364458701
77.78253569002003
14.981933069836458
80.08524834877751
91.94048396669334
14.514371189812962
72.08606660845314
20.1215793785763
42.611843311415605
14.771852414012741
14.00419454721515
59.647700848810466
93.0830603301526
85.11511067914691
70.08142763362137
21.842983191100117
63.21695310408304
35.794363972073626
28.21574229640683
94.93052194379614
37.26431791109889
53.67385031090208
90.52825431135014
94.99604674403858
31.63146984617879
8.916869917311843
24.238456615827843
58.96823290215311
87.69977338346267
51.53179447938844
73.33459191787523
92.79469326968936
94.45563484812496
23.933269085000063
92.307653208183
26.689927869408223
87.88332273137078
89.86073608279618
32.036796004125875
27.750908443088846
29.16013709565388
35.27414782860356
68.72248600758152
17.267102210715947
44.47999480661784
29.11968367670174
47.07564542608604
66.71680195405156
12.173255033807607
85.65522469966089
40.259675686505354
46.048665239487065
100.19460686876397
95.67314387930504
58.63269887060621
52.197489152836845
95.50483111851966
52.71412828243601
49.8767536520384
20.04055210993495
87.43505386910775
64.5843653710985
65.68460532891328
36.30927053010114
93.39862305196483
66.50574128476401
57.385277923758885
24.707093639002025
27.94249809517541
35.373611024991604
81.97142040773828
49.59879233800603
87.3458937217991
40.12603477016594
58.52094753780422
61.811229406079576
65.56060241176863
27.185578507777308
51.4718427462068
67.245436972882
42.91142366087745
71.05500439472775
89.77369635247138
66.75951936521764
67.99013358729741
102.6400150164096
89.44586846050655
66.41446233827064
54.1709865247239
90.8258164734645
32.1622881940239
69.99739122995086
96.785736056298
46.61402126582327
78.33772379992875
51.13078729691878
100.1277134755355
83.08230895546647
87.99503947170939
63.395829328059506
94.48588409905523
48.603962483793794
46.7203171619754
27.67576634739065
10.469954148308886
32.22188306894316
56.96044426050809
71.4920663589035
53.85319127656601
35.81759821798116
57.42375719482124
63.71535144219215
57.95679974783086
21.02431317103499
51.625301137998065
41.41031586066659
85.37804923432515
96.07878740277614
94.6913564284649
80.12839501304796
57.72859958309011
18.797306177965297
89.74748411911415
85.27386948201512
62.21938203863782
32.59721879852958
66.03364370801839
96.78026323517334
74.16182085701692
46.38387996152245
59.68680720486951
63.06322725280761
91.59311800356339
75.50730732173461
63.53220784338267
86.27941080216843
53.33844554261725
8.141476703398496
8.169270585906162
9.930900618973538
47.67607221404555
23.443863344759478
88.98198053344254
10.157718994115527
88.28436184002912
27.64464907893631
91.37689720117223
90.19170025701655
5.470247607797191
85.26842600679917
93.16288654567252
91.45206906602955
-0.24091440063672565
73.8143330414643
-0.9170899128149159
7.094881466050822
36.531365912416135
72.73802556984943
91.93313369681957
44.955571052105725
2.491226370557115
40.35081149707782
86.29684052145356
8.65649966174145
4.481515427738586
9.565790959586607
11.857653380564557
71.17801062602562
-8.772574361495515
41.66482938082225
4.961401392263696
24.00997653948272
88.68790738431625
16.446707085813642
81.85689226120363
80.53417896143695
29.497556151028306
9.992152749125921
10.10937530682817
74.77721417386844
8.753360050384558
21.832177298653875
15.11390211245893
7.474791048753801
73.28178695307795
10.765582942437433
8.382521734905822
16.9664105668773
6.963467081831624
65.39355486256588
2.753224793100756
8.409329535275987
5.365434326361566
83.3558770379789
4.19195612931
36.69238661795619
11.079517283690322
71.44974480946149
10.3577670299956
11.779067178615492
88.26006830540499
29.97536162539086
11.226330813828682
2.571897681789906
14.012835178067192
85.56945158341773
-2.7008215657415207
79.06593067745641
-1.2728634129955623
7.347301292817008
11.33074136891463
6.18646560269562
0.02800183251329713
67.28686843382388
82.2193704511951
84.21689955210645
26.895197855308126
9.115655371271913
86.96650954456184
6.800253817711948
12.219176081469627
70.95346028214331
35.2380590049672
55.218069292343095
-5.364167997297159
81.85157058988813
71.08965603826772
32.37348237466827
84.4628591826633
36.97255250845293
66.5517539648323
76.96141820534018
53.808637980138165
78.07211175195809
85.22458405616143
6.086445967590478
59.20405181093348
48.59331516882995
64.67823167207936
86.50501371151529
-11.774693526314493
38.31899848197707
70.94839093443565
-9.627084012214354
5.965183661739516
50.165765954364396
38.37385805155919
52.27258725306107
41.589544160154034
25.36431450699841
66.80297278917021
72.48540096831857
39.720346082534846
-2.7236854663196937
5.589909598925701
61.91220223984575
28.78781797057323
71.38281164058448
33.46834951490713
28.23978706330651
51.940061154971524
-0.23878414456692099
-7.650330777516217
79.70405162693135
27.15438214703005
73.01036612583547
62.65850386419827
-4.408016051015494
65.4970833005483
24.754191867330007
20.563867931118082
26.16497028528866
2.4879048627324494
4.656299059248241
79.4725153048744
63.52436308473147
64.3554151593274
2.3004234642264407
-6.369857363538301
88.96269372176758
2.3430175858502054
21.529146087128936
37.07029262499914
58.964489453881534
81.38890543097689
29.05001129046562
0.5408949033964916
52.551574595674886
54.1709210141688
38.3841911005618
58.68304201570288
36.54068103472212
54.99567189253358
30.97245569309122
45.37194005393582
84.72864794563705
79.99251670947257
5.79513185415712
84.61135309801702
44.93246945715624
2.730528420162912
78.38947065238183
78.80471697151953
28.459628705848488
68.75012505798212
86.33305666880638
42.60694528967724
-5.101664133962458
60.89385902254069
42.461396716853564
60.28653344197289
32.805622410751866
30.93464883013982
26.45416388414165
-6.817589945912076
76.4915933837133
30.73994614547435
34.29301611482191
86.73316017919976
87.86216609016967
61.40431236598128
88.83351711330181
49.805674767763726
77.11512894869507
0.33847149188029846
6.131407592103045
22.366550805753278
66.36629017698411
44.464424350939844
41.33965775906904
48.32975571823614
56.70198369017307
37.30904259095459
2.0753077435228278
64.29204448179328
42.01427240618449
32.534658365530504
71.20265514204002
62.055892816851525
34.921710007121476
30.55027570052782
23.9091807741479
29.41023778843001
36.693699507198716
38.53628193250751
84.00153406771813
36.29665710750871
84.85289141286418
37.00870230696026
35.30298066920409
29.49672305343077
10.926665470461813
61.91489864383871
86.22719000157693
29.3549702705307
32.360318890176416
-6.173357322606677
-2.015448396382453
77.8506826537695
47.301368445645316
34.79373829412461
35.19386594769857
76.63406736810524
38.011465935053046
36.54816951144658
1.729297167976938
57.87223463855044
62.53727967745306
56.73543981464859
80.48990291567483
27.170577794572807
45.20415019689004
71.54076120655293
71.81908712769126
76.16493330496579
10.27625287749325
16.73045955190669
76.25219941152776
69.48555479710438
66.68263481551446
56.628606526347255
36.61806451693814
11.746585424267806
67.71120556110934
46.8269177020824
58.5316273233173
60.842435848897594
52.460160486370924
80.18043411084574
6.591345340899522
39.140910919690434
56.882477084539644
67.54466530975978
77.03640697928529
70.29288737892364
49.217108897043545
47.8319068519028
79.578298614645
62.93033091300321
53.241385062687854
70.053078951565
50.6112684388104
44.201403028778095
50.42741875074178
64.836581102847
40.27202424267786
35.75919630559865
62.38654740587123
58.637016102704564
73.41176308061188
78.31966132752477
78.62826425872122
51.62220154404585
42.959005841512536
64.48892357550565
53.33498624225692
78.09233575464602
31.459418714199046
40.432185444549134
40.92405926021076
49.69997809741386
62.963361938656725
46.38672832678002
27.126050684309803
56.77505221695214
79.80111505830988
73.1895750749329
66.7104122601126
81.36121796872055
61.269889715379186
58.454228352512644
41.087508545117004
77.16102189260579
35.2837073991263
20.240975996100474
24.63502798966566
79.61826804193495
52.13762901192131
39.89302849036479
59.050469675579464
57.581595386337774
59.68383677339091
59.227462315748745
32.41602025066122
61.79202997999096
57.606341753463184
53.48938874951271
78.67794900650236
35.26477735203896
73.78580906401808
43.73261595602486
62.66225116873772
61.92692987248349
34.41724398040094
69.3000802767203
79.30357486274892
51.13625434085903
77.14148940050003
54.34592891183943
75.69135546466688
82.84357573585783
78.58055976277186
47.10078363235092
73.06202065885348
40.562317567248144
44.009002772124894
73.92051683037985
66.97542588664672
58.37797904520437
9.168557359896127
30.704410360780827
72.56185747980264
26.93675145293389
79.01878894577807
56.35131026295589
56.40699830016206
74.53916137383808
70.15866945340267
54.89028282314472
47.71674215886078
42.21878806454772
13.725552798632762
15.44435779891947
29.73887366971303
59.61536568941393
28.15546386076062
25.332957220085078
61.99094400057343
38.65318041401711
35.282891400548536
31.98336698510849
63.499977767307904
46.6943591483878
41.970842349637635
70.68153091416306
50.45938344366936
44.41578890069976
35.87474539432978
75.08713638237141
51.0443554589239
52.03677896982821
69.5783071167709
82.24940435384055
26.98208748115283
35.44054429448984
60.241032404156755
43.325515407987425
69.48057182488252
66.1577695742798
27.92961496097756
77.68972268132433
24.301655151059734
27.610766287212527
29.85813687185245
78.76312362559675
86.96469963951643
38.081152930011605
48.44758734268818
16.851593626182876
36.87603666663401
94.06723715736784
27.804464164367687
53.84277802245257
89.379942521316
80.28245573016567
89.16664517825677
34.17502180356654
45.626668725675955
18.9820294621492
58.07782241861891
77.99941160504568
21.60023646236094
37.410791104035454
52.96849434791839
45.60649709834736
86.35039130028754
32.88596693486363
89.09569335656363
84.19553858540965
83.85482716048337
92.75271768032474
0.413486513130394
47.672282191128424
66.83785362165021
89.50754396511732
51.159160484077425
45.234971104293386
4.225906258583493
69.21976466141753
65.92574750956007
83.57087847448041
52.09220274702775
41.58060950182891
92.76549969383973
79.3049725247973
96.6083663881129
15.646010623938253
0.9590937307846588
42.88293928199739
86.68446597555989
85.51938324967333
15.155945491552615
-2.6704707652936577
50.78013091518942
88.90091080832559
83.9165905801249
50.1950499949139
23.96443025500713
4.0422168205611655
90.57353164908943
85.47680514395242
24.264535554842425
26.197156752584362
79.48933843378124
89.8609692669197
12.09027630713409
40.77959121503742
26.53815167009634
30.494120867413102
10.203884217371623
91.95063665262643
2.1237144498909117
77.15863110925677
63.16319322391311
88.97874465179291
89.11311432558651
2.0699457395580794
53.386023087268775
54.228278719259436
42.9878868837842
93.1726525223324
51.14678795857476
58.36829779970387
75.51313610885299
80.97856471294362
45.43009176999172
9.172848965291635
24.550276687069697
40.82740893262375
68.94012809379717
54.89403305502861
44.36916536825094
18.556789881861263
61.61355206051792
53.33863303373012
41.5004837067973
3.9899297321274503
28.641681305478798
79.10126557562354
39.515960030973986
35.28377268835483
39.150266054595136
62.03606938586668
32.35199159651755
90.48320648201602
87.13200975850872
35.29753285082299
42.67265904658458
44.405879232838394
69.11380645344867
90.6524435099648
45.647016888304655
29.922136934298038
45.4758307619315
66.27816725871287
70.80930408862216
-1.1082529152357097
21.783540362963166
39.151363782926396
91.68359394412971
13.22721633992306
39.74998443844475
31.854771416329598
58.57915349753326
84.86240998510758
92.11972811209947
27.10526301371506
78.75372875067957
78.88860069861875
91.06544871231132
90.65276577955667
-4.704922467575841
-1.319223331675488
84.9643934739543
82.8965256470396
61.023275161251995
34.504840837255216
51.2074164132833
72.73446650059392
92.97273575768945
90.71652681639573
28.35775239242993
46.94702199560922
64.76685627607208
43.65884393737729
65.94978059951069
