84.13406
76.63738
37.39365
32.66778
37.18532
50.86406
63.27685
59.74065
67.27434
56.89006
57.76810
86.59954
40.67975
72.00337
94.29350
78.06124
66.57800
87.45390
55.38883
35.68213
42.06606
31.96603
77.36410
31.01694
51.55723
90.16427
75.09563
40.13218
74.12887
31.45886
59.50148
50.34357
38.52469
35.09600
32.88830
33.80942
55.66220
30.10940
85.89247
79.75515
53.10795
43.08775
57.45323
61.60980
92.75313
88.85693
42.30042
78.93880
92.16817
71.40645
25.16456
75.99379
92.52746
27.66551
52.16538
88.04761
86.74702
70.97339
28.49918
79.71677
58.58476
87.78210
60.66123
81.46817
31.06188
39.96909
87.79464
55.10676
65.65883
71.25473
69.50069
60.51332
53.82681
88.74730
91.81540
88.87536
56.89158
91.08727
55.20141
27.90482
59.53195
66.45766
83.86410
86.71068
86.50283
39.05463
56.68375
62.43621
17.83183
46.51115
52.10874
75.20954
88.32954
32.17806
84.37016
60.54958
77.99339
62.68848
23.47680
68.14163
44.71568
48.46225
92.31462
59.23801
58.55743
40.48667
48.60691
87.66788
68.75243
93.03760
42.84928
37.79536
26.54735
35.24369
42.99679
46.34097
87.06609
54.01544
73.98680
70.44904
51.12342
51.21675
42.69864
53.82883
78.27423
23.38565
80.28683
90.64847
22.97700
73.29544
27.87777
47.53457
23.20204
22.53110
62.42414
91.64709
84.68300
71.54336
29.38230
65.54371
41.57600
34.95218
93.26180
42.86076
57.20291
89.41416
93.31907
37.93757
18.08471
31.47598
61.83027
86.94203
55.33073
74.38666
91.39506
92.84674
31.20924
90.96938
33.61860
87.10245
88.83074
38.29183
34.54591
35.77759
41.12132
70.35562
25.38292
49.16736
35.74224
51.43599
68.60263
20.93083
85.15506
45.47874
50.53840
97.86268
93.91086
61.53701
55.91255
93.76375
56.36410
53.88420
27.80695
86.71066
66.73885
67.70047
42.02603
91.92290
68.41816
60.44675
31.88557
34.71336
41.20825
81.93537
53.64126
86.63273
45.36194
61.43934
64.31509
67.59209
34.05180
55.27833
69.06466
47.79640
72.39427
88.75466
68.63996
69.71554
100.00000
88.46814
68.33838
57.63741
89.67423
38.40152
71.46991
94.88328
51.03253
78.75947
54.98024
97.80421
82.90630
87.20009
65.70005
92.87318
52.77176
51.12543
34.48023
19.44212
38.45360
60.07544
72.77627
57.35966
41.59631
60.48038
65.97932
60.94627
28.66677
55.41245
46.48442
84.91281
94.26540
93.05277
80.32454
60.74682
26.72034
88.73175
84.82175
64.67182
38.78165
68.00554
94.87850
75.10967
50.83138
62.45832
65.40935
90.34486
76.28565
65.81925
85.70061
56.90976
17.40700
17.43129
18.97098
51.96077
30.78149
88.06269
19.16922
87.45297
34.45304
90.15588
89.12000
15.07231
84.81700
91.71686
90.22158
10.08068
74.80596
9.48969
16.49226
42.22015
73.86526
90.64204
49.58302
12.46861
45.55840
85.71584
17.85714
14.20815
18.65187
20.65499
72.50178
2.62389
46.70686
14.62757
31.27628
87.80567
24.66589
81.83527
80.67920
36.07250
19.02452
19.12697
75.64754
17.94180
29.37286
23.50100
16.82431
74.34051
19.70051
17.61768
25.12011
16.37741
67.44609
12.69760
17.64111
14.98070
83.14540
13.95507
42.36088
19.97489
72.73928
19.34407
20.58630
87.43173
36.49011
20.10321
12.53911
22.53865
85.08010
7.93069
79.39593
9.17874
16.71288
20.19446
15.69830
10.31572
69.10087
82.15208
83.89795
33.79801
18.25845
86.30114
16.23475
20.97097
72.30552
41.08978
58.55258
5.60289
81.83062
72.42456
38.58610
84.11292
42.60575
68.45837
77.55656
57.32072
78.52732
84.77868
15.61088
62.03638
52.76245
66.82089
85.89779
0.00000
43.78256
72.30109
1.87704
15.50489
54.13680
43.83051
55.97819
46.64106
32.45999
68.67794
73.64446
45.00736
7.91070
15.17690
64.40334
35.45218
72.68078
39.54303
34.97320
55.68756
10.08254
3.60475
79.95366
34.02454
74.10329
65.05562
6.43858
67.53658
31.92674
28.26434
33.15978
12.46570
14.36091
79.75129
65.81239
66.53874
12.30184
4.72390
88.04584
12.33907
29.10801
42.69118
61.82700
81.42624
35.68134
10.76399
56.22203
57.63736
43.83954
61.58101
42.22829
58.35820
37.36159
49.94693
84.34522
80.20578
15.35626
84.24271
49.56283
12.67776
78.80470
79.16763
35.16534
70.37978
85.74750
47.53029
5.83232
63.51330
47.40308
62.98249
38.96380
37.32854
33.41254
4.33258
77.14593
37.15837
40.26380
86.09719
87.08396
63.95944
87.93293
53.82207
77.69090
10.58707
15.65017
29.83991
68.29627
49.15375
46.42266
52.53210
59.84954
42.89985
12.10509
66.48336
47.01228
38.72697
72.52332
64.52893
40.81329
36.99259
31.18819
35.99619
42.36203
43.97247
83.70972
42.01501
84.45381
42.63735
41.14652
36.07178
19.84129
64.40570
85.65497
35.94788
38.57460
4.89564
8.52971
78.33379
51.63328
40.70144
41.05116
77.27045
43.51378
42.23483
11.80267
60.87236
64.94967
59.87878
80.64050
34.03869
49.80028
72.81883
73.06209
76.86042
19.27282
24.91389
76.93669
71.02255
68.57276
59.78541
42.29592
20.55792
69.47175
51.21860
61.44867
63.46835
56.14213
80.37002
16.05217
44.50093
60.00729
69.32619
77.62210
71.72817
53.30766
52.09697
79.84375
65.29320
56.82493
71.51858
54.52617
48.92386
54.36549
66.95929
45.48953
41.54526
64.81793
61.54078
74.45411
78.74368
79.01341
55.40974
47.83799
66.65543
56.90674
78.54500
37.78720
45.62952
46.05942
53.72969
65.32207
50.83387
33.99978
59.91340
80.03849
74.25992
68.59704
81.40204
63.84195
61.38103
46.20228
77.73102
41.12968
27.98213
31.82259
79.87868
55.86023
45.15829
61.90215
60.61833
62.45572
62.05684
38.62328
64.29831
60.63996
57.04169
79.05683
41.11313
74.78103
48.51414
65.05889
64.41621
40.37238
70.86045
79.60364
54.98502
77.71394
57.79032
76.44651
82.69764
78.97171
51.45796
74.14843
45.74325
48.75570
74.89877
68.82867
61.31438
18.30468
37.12731
73.71128
33.83433
79.35473
59.54305
59.59172
75.43947
71.61087
58.26609
51.99632
47.19103
22.28756
23.78982
36.28342
62.39588
34.89950
32.43259
64.47216
44.07464
41.12896
38.24514
65.79108
51.10274
46.97432
72.06785
54.39342
49.11124
41.64625
75.91841
54.90470
55.77209
71.10362
82.17833
33.87395
41.26676
62.94272
48.15833
71.01820
68.11402
34.70210
78.19311
31.53122
34.42342
36.38766
79.13127
86.29956
43.57468
52.63509
25.01976
42.52140
92.50728
34.59272
57.35056
88.41052
80.45919
88.22409
40.16067
50.16957
26.88179
61.05204
78.46378
29.17014
42.98878
56.58642
50.15194
85.76265
39.03402
88.16208
83.87928
83.58149
91.35837
10.65263
51.95746
68.70843
88.52204
55.00504
49.82722
13.98474
70.79025
67.91123
83.33332
55.82053
46.63326
91.36954
79.60486
94.72826
23.96607
11.12950
47.77151
86.05463
85.03634
23.53774
7.95721
54.67376
87.99184
83.63547
54.16239
31.23648
13.82419
89.45373
84.99912
31.49877
33.18791
79.76600
88.83094
20.85831
45.93315
33.48594
36.94351
19.20957
90.65734
12.14740
77.72893
65.49672
88.05987
88.17731
12.10040
56.95135
57.68749
47.86323
91.72540
54.99422
61.30592
76.29074
81.06760
49.99775
18.30843
31.74851
45.97495
70.54584
58.26937
49.07049
26.51013
64.14232
56.90993
46.56322
13.77849
35.32446
79.42682
44.82872
41.12973
44.50910
64.51160
38.56732
89.37479
86.44579
41.14176
47.58772
49.10258
70.69764
89.52270
50.18735
36.44359
50.03773
68.21925
72.17953
9.32261
29.33035
44.51006
90.42394
21.85201
45.03326
38.13274
61.49021
84.46213
90.80513
33.98161
79.12306
79.24094
89.88367
89.52298
6.17908
9.13822
84.55127
82.74392
63.62641
40.44894
55.04721
73.86215
91.55067
89.57871
35.07630
51.32357
66.89835
48.44966
67.93224
