61.26989
61.86189
54.93822
48.64867
42.94289
66.98411
67.86789
59.87656
52.38100
48.45678
53.01589
47.44744
41.14111
35.49378
30.15878
66.34922
63.96400
58.55856
58.25822
52.38100
65.76578
63.36333
56.48144
45.98767
34.87656
44.44444
43.24322
41.44144
38.73011
32.71600
56.48144
52.77778
44.44444
35.80244
24.38267
57.65767
49.69133
38.73878
33.33333
23.45678
67.59256
57.40744
49.20633
31.23122
17.11711
66.36633
66.06611
54.62967
35.73578
23.12311
65.71433
63.06311
52.16044
40.84089
16.21622
66.06611
65.16511
46.84689
42.59256
38.13811
60.66067
43.49211
36.41978
35.18522
34.53456
63.27156
67.26722
63.96400
61.72844
49.67322
31.48144
31.42856
34.53456
39.81478
43.24322
64.50622
67.26722
54.32100
55.86422
46.60489
59.45944
73.57356
45.34533
69.36933
33.01589
51.35133
46.91356
41.90478
38.58022
37.96300
66.04933
60.80244
56.45644
50.30867
43.82711
65.07933
64.81478
66.97533
56.48144
48.14811
63.36333
58.64200
51.95200
45.07933
33.93389
61.72844
57.65767
47.83956
35.13511
24.38267
69.84122
62.34567
64.19756
53.39511
26.72678
63.36333
62.03700
56.75678
34.23422
5.10511
63.80956
59.36511
58.02467
46.60489
44.14411
67.28400
67.26722
65.43211
58.85889
48.76544
53.33333
49.24922
42.64267
39.19756
32.43244
69.84122
68.46844
57.71600
52.69844
47.61900
67.97389
67.90122
60.36033
48.64867
37.96300
50.61733
47.53089
41.44144
38.73011
34.53456
65.71433
62.03700
41.83011
41.74178
31.74600
67.86789
57.40744
50.47622
42.64267
33.63367
66.66667
61.26989
50.30867
40.54056
26.85189
66.66667
66.35800
60.36033
38.88889
30.15878
65.74078
53.39511
33.03300
21.32133
14.19756
58.95067
49.24922
34.23422
29.72978
26.34922
49.69133
44.44444
37.65433
32.13211
40.12344
63.88889
67.56756
56.82544
59.04767
46.84689
37.77778
40.24022
42.59256
42.64267
46.66667
66.06611
67.59256
59.15911
57.09878
50.75078
65.74078
63.17456
53.75378
53.01589
43.51856
66.35800
62.16211
53.65078
54.65467
50.47622
64.19756
60.36033
53.70367
46.91356
41.74178
67.26722
68.57144
58.95067
44.44444
31.17289
66.36633
58.85889
51.11111
36.41978
26.23456
61.26122
58.25822
49.84122
42.28400
24.69133
75.30867
61.56156
38.27156
24.02400
9.00900
67.56756
54.62967
33.33333
23.45678
9.90989
64.10256
56.72511
52.04678
47.22222
43.61111
68.71344
69.80056
58.33333
55.55556
51.11111
51.66667
45.29911
42.77778
36.46722
32.16378
70.94022
62.86544
58.05556
51.11111
39.72222
72.22222
62.57311
58.88889
47.86322
38.59644
53.50878
50.42733
45.55556
41.66667
38.88889
55.27067
45.55556
42.73500
42.50000
40.17089
70.46789
62.22222
49.70756
41.66667
32.77778
73.88889
69.51567
60.83333
41.59544
27.48533
69.29822
62.96300
56.12533
36.66667
27.63533
59.64911
45.29911
31.62389
20.22789
7.77778
60.11400
45.32167
31.57900
34.44444
26.66667
56.98011
40.45589
43.61111
32.50000
26.90056
56.41022
66.66667
53.88889
49.57267
38.88889
41.38889
45.00000
44.72222
47.57833
53.27633
75.78344
72.50000
66.38889
67.50000
55.84044
69.80056
75.00000
57.77778
73.05556
42.16522
64.10256
63.53278
61.82333
55.55556
51.75433
61.25356
55.84044
52.22222
47.86322
41.02567
64.91233
60.68378
46.19878
35.32767
31.38889
58.18711
49.28778
43.30489
35.32767
23.33333
66.38178
59.54411
58.11967
48.43300
43.56722
74.64389
64.95722
43.33333
29.53211
21.94444
63.81767
46.72367
31.38889
20.17544
4.67833
64.02111
60.84656
54.76189
47.42544
44.44444
69.72222
68.37611
63.14367
58.99467
50.40656
53.11656
46.82544
43.33333
38.05556
33.59789
68.05556
69.64767
68.33333
60.84656
53.43911
70.10578
65.58267
59.16667
49.73544
41.19244
55.82011
50.67756
47.35444
46.61244
38.33333
52.11644
45.27778
39.15344
34.92067
32.80422
70.10578
65.85367
59.78833
48.61111
40.74078
70.89944
64.49867
56.09756
42.00544
27.77778
67.46033
66.39567
56.34922
36.24333
24.33867
58.88889
44.44444
32.24933
22.22222
9.78833
67.22222
51.58733
43.65078
32.27511
29.53933
51.85189
42.73500
37.30156
38.48233
26.45500
56.34922
71.16400
66.66667
48.94178
40.10844
37.56611
37.83067
38.88889
41.73444
45.01422
69.84122
73.80956
67.72489
62.96300
57.26500
66.66667
74.07411
53.11656
80.15878
43.61111
60.16256
55.82656
51.85189
47.09000
43.63144
60.58200
59.52378
54.47156
49.16667
46.29633
71.69311
58.05556
46.56089
34.65611
26.82922
57.18156
52.57456
42.32800
35.77233
22.22222
66.93767
64.28567
49.20633
45.79944
32.27511
71.38889
60.05289
43.08944
32.79133
16.40211
61.64022
41.79889
28.72633
21.16400
6.50411
61.38889
61.11111
53.84611
45.01422
39.56644
64.76967
63.14367
59.16667
56.63956
47.29344
56.63956
49.86444
40.83333
34.14633
26.38889
62.60167
63.88889
61.94444
54.74256
48.88889
62.50000
59.89156
52.22222
42.39767
32.47867
48.61111
43.58978
38.88889
36.85633
27.92022
58.61111
58.53656
50.42733
45.01422
34.95933
60.00000
51.85189
40.65044
30.89433
13.88889
64.72222
64.72222
59.16667
38.88889
15.17611
63.68567
57.26500
52.30356
38.21133
20.86722
63.95667
60.00000
50.00000
40.74078
25.00000
63.14367
64.16667
59.44444
42.22222
30.27778
60.70456
54.47156
38.61111
33.06233
21.92978
65.85367
61.51767
62.33067
58.05556
47.96744
33.88889
34.44444
36.85633
43.33333
42.73500
68.33333
66.11111
62.05967
56.63956
47.22222
58.88889
75.88078
44.72222
72.89978
31.11111
53.05556
46.72367
41.59544
39.31622
35.00000
57.50000
53.38756
46.94444
40.55556
37.39833
63.14367
61.78867
55.82656
49.72222
36.46722
62.22222
54.72222
48.50944
37.22222
27.50000
58.61111
58.33333
52.84556
45.55556
35.23033
63.68567
61.94444
62.60167
63.95667
60.43356
61.38889
62.33067
57.77778
43.90244
28.99733
63.96400
57.40744
55.85589
47.93656
40.12344
68.46844
64.26422
60.66067
53.70367
48.76544
50.92589
45.07933
38.58022
32.73278
27.77778
64.81478
65.12344
63.27156
56.45644
50.92589
65.76578
63.49211
55.25522
44.76189
32.73278
51.23456
48.76544
41.97533
39.19756
33.93389
59.15911
56.82544
48.94900
34.92067
29.84122
57.65767
50.92589
38.73011
30.03000
22.82278
67.26722
65.16511
54.05400
33.33333
18.41267
64.86489
62.53967
60.31744
35.13511
19.75311
61.56156
57.71600
50.00000
34.23422
8.40844
65.12344
52.77778
48.34833
40.31744
42.64267
51.95200
53.65078
46.34922
35.49378
30.03000
66.66667
66.66667
53.01589
48.14811
47.83956
40.24022
36.93689
41.66667
48.94900
53.70367
61.86189
69.44444
56.48144
64.86489
45.98767
61.72844
67.56756
45.06178
64.86489
37.53756
57.77778
48.45678
43.20989
41.44144
42.04200
59.25922
58.55856
54.95500
46.60489
39.93989
62.34567
58.64200
62.16211
54.95500
44.14411
63.36333
56.79011
52.38100
40.43211
31.17289
62.65433
58.64200
46.24622
39.63967
33.03300
65.71433
64.50622
63.06311
59.15911
26.03178
64.86489
64.44444
53.45344
35.73578
9.87656
63.13133
56.56567
53.33333
49.49500
44.17989
67.16044
65.15156
61.75711
58.13956
52.83956
54.81478
46.96967
41.48144
36.79011
30.37033
65.18522
66.66667
60.24689
55.01356
46.77000
67.16044
64.44444
57.32322
47.54522
36.86867
53.70367
51.26267
46.21211
41.66667
36.86867
62.01556
57.67200
47.97978
40.24689
31.52456
65.15156
61.48144
50.90444
38.02467
29.29289
71.35800
66.91356
58.08078
44.18600
27.40744
68.14811
65.40400
56.06056
41.16167
24.74744
60.98189
50.12344
38.13133
26.91356
10.85856
59.34344
52.52522
39.25922
31.81822
27.90122
50.90444
45.20200
37.46767
30.30300
27.90122
64.39389
68.43433
63.38389
58.02467
46.71722
40.40400
36.54322
33.83833
37.12122
40.56844
68.93944
70.54267
65.92589
59.50622
53.53533
61.61611
71.11111
48.94178
74.74744
37.12122
59.84844
55.05056
48.64200
42.92933
40.40400
65.18522
60.49378
53.33333
45.70711
41.16167
63.88889
60.24689
49.09556
40.24689
32.55811
62.96300
55.05056
45.67900
37.62622
25.83978
65.92589
58.13956
51.67956
46.03178
29.54544
66.91356
63.70367
56.04933
46.77000
29.38267
63.56589
54.81478
42.92933
25.00000
5.29100
61.64878
52.32978
53.76344
45.55556
39.42656
62.15278
61.64878
60.06944
58.06456
51.61289
51.61289
47.67022
38.51856
32.98611
26.04167
67.38356
64.87456
62.50000
60.41667
55.19711
59.25922
60.57344
52.43056
44.08600
34.72222
48.74556
45.48611
43.70367
40.14333
34.05022
61.11111
51.61289
46.29633
38.35122
26.52333
57.98611
51.04167
43.36922
31.89967
21.86378
63.44089
65.27778
55.90278
38.88889
19.44444
66.30822
62.15278
52.08333
35.76389
14.93056
66.66667
58.33333
50.74078
46.59500
25.18522
68.81722
63.79933
61.11111
53.47222
47.22222
64.23611
36.29633
48.74556
30.37033
23.61111
62.84722
60.41667
54.12189
52.77778
44.44444
41.93544
32.61644
36.45833
40.97222
39.06811
67.36111
63.88889
65.23300
54.48033
50.74078
60.06944
62.00722
46.52778
56.27244
36.20067
47.22222
41.57711
32.63889
31.59722
31.89967
59.85667
54.83867
52.08333
44.80289
39.93056
65.23300
66.30822
58.51856
51.38889
42.36111
63.19444
54.83867
47.67022
42.29389
29.74911
62.36556
60.57344
46.23656
34.02778
26.38889
67.02511
68.45878
63.08244
61.11111
60.41667
65.94978
64.23611
58.78133
44.08600
29.16667
59.59600
55.55556
50.50500
44.80289
40.40400
65.31989
67.00333
61.80556
54.16667
50.50500
51.17844
45.48611
41.07744
36.11111
31.98656
63.79933
62.15278
59.85667
51.97133
47.47478
65.94978
61.11111
55.20833
45.45456
39.93056
57.98611
47.91667
46.23656
42.36111
37.15278
54.20878
52.77778
45.87811
40.74078
30.10756
65.27778
58.24911
48.26389
38.72056
26.38889
72.72722
67.67678
57.23911
43.40278
27.94611
66.66667
62.84722
54.51389
35.48389
26.04167
65.62500
57.29167
44.09722
26.73611
9.76433
67.34011
65.62500
54.51389
32.98611
31.59722
50.16833
41.93544
37.03700
31.31311
31.98656
64.93056
60.94278
69.79167
49.30556
36.80556
32.32322
34.00678
36.11111
39.93056
64.98311
67.34011
70.03367
63.88889
65.59144
51.85189
64.58333
75.42089
53.12500
70.70711
40.06733
53.53533
47.81144
45.16133
36.80556
35.06944
61.11111
51.97133
50.17922
45.13889
38.72056
64.58333
62.96300
50.00000
43.43433
32.32322
58.58589
53.47222
47.22222
38.88889
24.01433
63.54167
64.30978
61.11111
45.48611
30.20833
69.44444
69.79167
67.00333
53.47222
31.94444
63.88889
56.59722
41.66667
22.55889
2.69356
63.53278
60.36033
52.70656
50.42733
42.39767
67.26722
64.86489
64.10256
61.40356
52.55256
56.15611
48.45678
44.72933
36.75211
32.47867
67.52133
56.79011
57.30989
52.99144
47.00856
67.23644
64.38744
57.54989
48.83044
37.13456
57.30989
51.65167
50.87722
42.69011
37.83789
61.56156
55.84044
49.57267
44.44444
33.91811
66.37422
58.97433
48.34833
38.88889
30.99411
66.38178
63.24789
57.54989
42.39767
25.35611
65.20467
64.61989
57.83478
40.45589
27.06556
57.26500
49.57267
40.17089
24.26900
13.74267
52.99144
64.91233
54.70089
45.02922
29.82456
64.32744
43.56722
38.01167
29.82456
32.19378
64.67233
68.37611
61.69589
47.44744
42.69011
34.21056
35.89744
40.17089
37.42689
46.43878
68.09122
67.80622
66.95156
61.98833
56.98011
63.45033
73.21933
50.75078
72.93444
41.02567
50.14244
45.29911
42.45011
40.35089
36.84211
61.98833
60.23389
51.95200
46.84689
43.01989
64.95722
59.82911
49.28778
39.76611
31.83178
61.11111
57.54989
47.29344
41.88033
27.92022
66.37422
54.13100
49.84989
44.75311
36.18233
68.37611
66.09689
50.58478
28.94733
16.08189
60.68378
53.21633
39.03133
20.72067
4.09356
61.56156
57.35733
59.45944
47.61900
42.90122
61.72844
65.39678
60.49378
57.71600
52.77778
55.55556
49.24922
42.53967
36.33633
32.40744
60.78433
62.46244
58.73011
57.71600
51.95200
66.96700
64.50622
58.85889
46.60489
33.95067
52.16044
48.76544
44.14411
39.33933
33.65078
61.86189
53.33333
50.30867
43.79089
30.63067
54.92067
50.79367
41.74178
31.74600
25.92589
64.56456
65.16511
51.85189
37.03700
21.91356
64.56456
62.76278
55.86422
38.73878
25.22522
65.12344
60.31744
49.69133
32.38100
10.80244
62.34567
66.35800
51.35133
41.97533
22.53089
45.37033
50.45044
36.11111
30.55556
25.30867
64.81478
60.63489
58.85889
57.40744
48.76544
35.43544
37.65433
38.88889
40.84089
38.88889
67.86789
65.76578
63.27156
54.95500
50.75078
62.16211
75.00000
48.25400
75.97600
35.73578
50.61733
47.44744
39.81478
38.23533
39.03900
62.76278
56.79011
51.65167
44.12700
40.24022
66.98411
62.16211
59.45944
54.32100
40.43211
63.36333
60.18522
48.94900
42.90122
29.42944
61.86189
60.06011
54.35433
40.54056
28.08644
65.16511
64.86489
66.06611
58.55856
30.63067
65.76578
60.80244
51.42856
32.06344
6.48144
66.06611
55.24689
53.21633
45.98767
41.81289
67.56756
66.36633
61.40356
56.14033
50.45044
50.75078
46.24622
41.74178
34.50289
30.11700
65.76578
61.40356
57.89478
52.25222
42.04200
62.76278
64.56456
57.89478
48.34833
40.64322
56.45644
53.50878
49.54956
45.34533
41.66667
52.16044
48.83044
46.49122
35.43544
33.64200
68.71344
60.81867
50.29244
40.05844
30.86422
70.17544
61.41978
52.63156
38.13811
25.07933
67.56756
65.49711
56.72511
34.50289
24.85378
60.06011
51.95200
30.86422
21.63744
9.06433
61.11111
56.14033
40.54056
34.21056
34.23422
59.75978
50.75078
35.96489
31.48144
44.44444
61.69589
68.42100
50.45044
49.70756
39.63967
38.88889
39.04767
40.64322
45.32167
50.47622
72.51467
69.97000
67.25144
67.90122
63.06311
69.59067
75.73100
53.45344
69.59067
44.73689
62.76278
59.45944
55.55556
49.84989
47.74778
63.66367
61.26122
58.85889
52.33922
44.73689
62.03700
58.64200
49.24922
40.05844
31.17289
57.30989
54.95500
44.73689
33.64200
22.22222
58.33333
57.01756
50.75078
38.88889
29.12911
67.26722
68.71344
54.38600
35.43544
24.56144
65.16511
48.64867
34.21056
21.92978
4.50456
61.49867
60.27778
56.33078
53.23000
44.70900
58.99467
61.51767
62.53233
60.05289
51.85189
57.14289
56.34922
46.29633
40.74078
30.68778
63.68567
60.83333
61.75711
60.43356
54.76189
59.52378
56.08467
61.24033
46.29633
34.39156
50.55556
47.28678
40.74078
38.24289
34.39156
63.61111
59.07856
51.58733
37.94033
31.43633
53.43911
43.91533
34.68833
28.68222
19.31222
56.36856
52.97156
35.40056
24.07411
5.42000
60.98189
60.72356
49.72222
36.17567
12.91989
59.17311
59.17311
52.11644
48.32044
26.45500
58.13956
60.46511
56.84756
58.46556
56.08467
60.20667
54.76189
53.23000
40.37944
26.71956
62.69844
60.05289
63.75667
55.81400
44.17989
30.35233
31.97833
33.86244
39.68256
41.19244
62.27389
58.65633
60.43356
47.69644
49.35400
49.87078
73.64344
41.34367
72.09300
28.72633
43.90244
41.60211
34.92067
31.62389
30.35233
58.26556
58.46556
59.17311
50.13556
46.25322
63.04911
56.61378
61.37567
58.73011
58.13956
62.79067
61.64022
56.61378
52.45478
38.62433
60.31744
53.11656
44.18600
32.55811
26.87333
62.79067
59.94833
60.55556
56.07233
57.88111
60.46511
57.67200
48.83722
42.89411
32.01056
65.46544
63.27156
53.08644
47.93656
41.66667
66.36633
65.74078
64.12700
57.09878
50.30867
57.71600
49.24922
41.97533
34.25922
28.82878
66.98411
62.65433
61.11111
51.74600
44.75311
67.26722
62.16211
55.24689
46.24622
33.63367
56.48144
48.14811
44.75311
41.97533
35.18522
63.58022
60.49378
47.53089
40.12344
32.43244
60.36033
50.61733
38.73878
31.53156
17.71767
67.26722
65.46544
50.00000
32.13211
19.44444
64.19756
57.40744
47.22222
33.95067
20.67900
66.36633
60.80244
47.14711
34.25922
14.28567
64.56456
62.74511
45.07933
45.94600
35.43544
55.85589
50.30867
40.24022
34.25922
21.29633
67.26722
63.36333
52.16044
46.29633
37.46033
32.73278
37.23722
39.21567
40.24022
44.14411
64.12700
66.36633
58.95067
57.46033
44.76189
60.06011
71.47144
45.98767
65.76578
36.03600
59.68256
57.09878
51.85189
46.07844
41.66667
59.68256
56.79011
55.24689
43.49211
35.87300
63.58022
62.16211
60.18522
46.60489
36.33633
58.85889
57.40744
50.45044
41.66667
29.42944
60.06011
59.68256
56.17289
44.12700
36.41978
66.97533
66.96700
62.34567
55.55556
30.86422
68.16822
62.03700
49.38267
35.43544
10.21022
64.69133
56.31311
55.06178
47.54522
43.45678
67.67678
64.64644
62.62622
54.29289
51.51511
48.06200
42.37722
40.15156
35.30867
29.19900
66.91922
67.16044
64.85789
64.19756
55.30300
64.28567
62.79067
56.81822
45.20200
36.86867
49.24244
46.41978
44.18600
37.37378
35.30867
53.48833
43.66922
40.15156
32.34567
27.16044
66.17289
67.40744
57.07067
43.68689
37.37378
65.89144
61.61611
52.19633
41.60211
27.77778
64.19756
63.38389
51.11111
35.30867
20.74078
64.93822
48.88889
33.87533
22.22222
7.23511
62.96300
60.10100
46.91356
35.55556
28.53533
53.78789
41.86044
37.20933
31.81822
23.48489
62.12122
68.39511
66.17289
55.82011
42.17167
43.18178
44.69700
43.93944
45.95956
55.05056
69.19189
65.63311
60.24689
59.84844
44.70289
65.90911
74.07411
55.55556
70.12344
42.46911
57.28400
53.48833
48.57878
45.45456
41.86044
65.65656
59.25922
52.45478
48.57878
43.45678
70.28422
62.71600
52.71322
34.81478
27.16044
58.08078
50.61733
43.45678
34.59600
25.58144
70.37033
64.44444
59.84844
49.87656
41.23456
65.65656
65.65656
59.59600
49.74744
37.46767
64.14144
53.48833
35.85856
20.95956
8.08078
62.39311
62.77778
55.84800
46.15389
43.87467
65.55556
68.33333
61.94444
57.77778
51.28200
52.70656
45.32167
41.02567
35.96489
31.05411
64.72222
64.67233
63.88889
56.98011
51.28200
64.44444
62.39311
58.11967
48.33333
37.71933
58.68944
53.56122
50.42733
44.15200
39.88600
60.83333
52.77778
48.33333
40.74078
34.47289
64.67233
58.05556
47.50000
40.17089
32.50000
66.95156
64.10256
50.99711
34.75789
26.02344
65.55556
64.10256
58.40456
40.17089
27.35044
65.27778
56.38889
32.19378
23.05556
10.55556
65.27778
61.94444
54.72222
36.46722
28.88889
51.11111
42.39767
49.57267
33.90311
40.27778
64.10256
68.12867
62.39311
61.40356
50.83333
37.89178
39.31622
38.61111
40.55556
44.73689
65.81200
69.72222
63.15789
63.88889
51.28200
64.72222
78.88889
52.77778
73.88889
37.32189
51.11111
48.83044
45.00000
43.58978
43.85967
61.94444
59.72222
51.28200
46.15389
40.74078
67.52133
63.81767
57.60233
45.83333
39.88600
64.72222
60.68378
47.29344
41.88033
20.51278
62.39311
59.44444
54.95500
44.15200
30.83333
68.05556
53.61111
30.00000
23.97656
16.95911
59.64911
45.02922
29.34478
20.46789
10.82622
65.46544
57.89478
56.12533
48.71800
43.01989
63.88889
66.66667
64.72222
58.61111
49.85756
55.26311
49.28778
42.45011
37.22222
32.19378
64.10256
66.37422
59.25922
58.18711
52.63156
64.72222
65.83333
58.18711
46.43878
37.13456
47.07600
49.24922
44.44444
39.44444
36.75211
63.53278
51.75433
43.30489
35.61256
27.48533
63.81767
58.05556
50.83333
41.31056
32.77778
66.94444
67.83622
55.83333
42.45011
27.32733
67.23644
65.83333
57.26500
38.05556
25.00000
61.82333
60.39889
42.73500
30.76922
11.38889
65.27778
65.81200
56.41022
43.61111
27.63533
57.22222
49.44444
36.25733
26.94444
26.31578
65.27778
64.38744
61.40356
48.43300
39.16667
39.44444
37.89178
36.18233
40.27778
44.44444
65.83333
66.94444
61.98833
57.30989
46.43878
61.94444
73.61111
49.85756
78.88889
37.42689
50.55556
45.29911
45.86900
42.45011
41.31056
63.61111
59.25922
52.99144
47.86322
43.58978
63.88889
60.55556
54.09356
48.53800
31.83178
60.27778
53.27633
47.22222
37.60689
28.07022
66.38889
62.39311
48.24567
39.88600
32.19378
65.55556
65.55556
50.71222
35.04278
21.36756
67.22222
61.38889
44.15200
22.50711
3.80122
63.22756
60.16256
53.88889
49.59344
44.44444
66.12467
65.34389
63.75667
51.49056
47.15444
55.29100
50.55556
41.53444
34.65611
28.30689
68.61111
65.34389
65.31167
59.07856
48.23844
69.37667
62.33067
57.45256
44.44444
34.72222
50.79367
46.11111
42.32800
41.46344
35.50133
61.90478
54.76189
46.82544
37.83067
33.33333
63.22756
51.76156
46.03178
33.86244
22.76422
66.93767
65.34389
47.35444
33.60433
18.97022
67.47967
64.22767
51.94444
38.88889
24.11922
64.49867
61.11111
50.13556
34.12700
11.11111
70.63489
59.62056
61.78867
54.72222
29.53933
46.07044
48.41267
43.12167
32.24933
27.37122
55.01356
66.66667
46.61244
46.29633
37.12733
35.77233
37.12733
35.55556
39.16667
43.91533
71.27367
66.13756
63.22756
55.55556
47.29344
65.87300
67.75067
49.05144
65.60844
38.75333
55.82656
53.33333
48.41267
45.23811
45.50267
57.14289
56.34922
48.61111
42.81844
41.19244
68.51856
61.90478
59.62056
48.50944
36.94444
61.37567
59.34956
50.00000
36.24333
25.74522
63.49211
48.94178
40.92144
32.80422
25.92589
70.10578
68.78311
67.50000
65.87300
44.44444
65.58267
62.16933
50.94856
35.77233
11.37567
63.66367
56.75678
51.16956
45.94600
39.63967
67.56756
62.76278
61.98833
55.55556
49.69133
51.85189
45.04500
40.35089
33.33333
28.07022
65.49711
66.06611
65.49711
58.25822
49.84989
66.37422
61.11111
56.43278
44.44444
35.38011
52.63156
51.65167
42.98244
39.63967
35.43544
59.75978
51.95200
43.20989
35.49378
28.94733
59.45944
52.25222
41.81289
32.13211
25.22522
67.56756
65.49711
54.09356
36.33633
20.72067
63.74267
60.80244
54.01233
33.33333
18.42100
61.40356
55.26311
50.29244
32.73278
13.74267
68.12867
62.16211
57.60233
56.45644
50.30867
51.95200
45.02922
40.24022
34.21056
21.63744
62.34567
66.95911
60.66067
54.67833
40.54056
32.09878
36.41978
39.03900
40.93567
39.33933
68.12867
69.59067
58.77189
64.91233
49.07411
60.81867
68.76878
49.24922
63.96400
37.13456
57.05711
48.76544
47.14711
45.34533
45.04500
61.56156
55.25522
50.61733
47.93656
39.50622
63.36333
63.45033
57.65767
45.98767
33.91811
60.06011
57.35733
45.34533
39.63967
25.00000
63.74267
59.15911
48.88889
43.85967
30.63067
65.20467
69.88300
63.96400
64.03511
57.95800
60.66067
52.25222
40.43211
27.77778
8.64200
64.10256
61.25356
54.67833
49.28778
42.04200
64.91233
64.38744
61.26122
58.68944
49.85756
54.97078
46.78367
42.34233
34.75789
29.53211
63.45033
60.81867
57.30989
52.55256
45.04500
66.95911
64.03511
59.94156
47.00856
32.45611
55.26311
45.98767
43.85967
38.17667
34.47289
58.68944
52.55256
49.70756
41.52044
36.46722
62.86544
58.85889
44.75311
38.01167
28.77489
69.59067
68.12867
59.25922
41.74178
24.62467
68.12867
63.74267
54.93822
39.76611
30.48433
61.98833
53.80122
38.13811
22.80700
8.26211
68.09122
58.97433
49.41522
47.29344
28.65500
57.26500
42.10522
42.45011
32.13211
22.52256
66.95911
64.91233
50.58478
45.86900
37.42689
35.89744
37.13456
41.02567
43.30489
45.01422
67.23644
67.26722
60.06011
57.05711
52.42167
62.39311
70.37033
48.04800
65.24211
39.31622
62.39311
58.18711
50.00000
45.94600
45.61400
64.67233
57.54989
53.27633
44.44444
38.46156
68.42100
60.68378
53.21633
39.18133
30.19944
61.69589
52.92400
44.44444
36.03600
28.65500
66.66667
56.72511
50.29244
45.64567
41.44144
66.09689
69.51567
64.67233
52.55256
35.04278
68.71344
56.43278
38.13811
21.93733
9.35678
61.24033
56.33078
49.87078
43.41089
38.75967
64.55022
61.49867
60.46511
53.48833
46.11111
48.83722
43.63144
35.18522
34.10856
28.42378
65.89144
66.92511
60.70456
59.25922
51.66667
63.30744
65.63311
56.84756
43.65078
33.33333
54.74256
48.67722
44.71544
38.88889
33.86244
55.82656
49.44444
46.29633
39.94711
35.18522
61.11111
53.96822
45.73644
35.91733
24.03100
67.50000
68.78311
58.99467
41.86044
23.25578
70.10578
65.34389
57.10589
36.24333
21.40922
68.02167
59.94833
52.11644
33.33333
11.62789
64.34111
52.97156
66.66667
62.43389
22.48678
49.47089
41.00533
35.23033
26.09822
28.42378
65.63311
68.56367
66.13756
48.14811
40.56844
31.70733
36.31433
39.68256
41.79889
41.26989
68.02167
65.89144
63.49211
57.40744
51.93800
59.34956
69.57667
48.41267
70.02589
39.44444
53.96822
47.96744
45.76722
40.10844
42.06344
59.78833
53.23000
45.23811
40.47622
37.98444
66.38889
63.04911
63.22756
54.26356
42.63567
61.49867
57.14289
47.88356
40.21167
30.35233
59.52378
60.84656
49.35400
37.46767
33.33333
67.95867
65.60844
63.04911
58.20111
31.74600
65.37467
63.56589
55.55556
34.14633
5.82011
64.61989
58.18711
53.84611
46.19878
41.31056
62.28067
64.67233
60.81867
57.01756
50.87722
53.27633
48.24567
40.93567
34.18800
30.03000
64.10256
63.53278
60.39889
55.55556
47.86322
65.20467
63.15789
54.13100
46.49122
35.38011
52.25222
47.14711
41.81289
39.63967
36.03600
62.10822
56.45644
50.87722
43.27489
30.48433
60.52633
51.46200
42.04200
34.75789
28.20511
64.95722
61.40356
51.35133
37.03700
22.79200
64.86489
62.10822
55.55556
39.88600
23.09944
59.54411
61.25356
47.36844
29.23978
9.64911
58.47956
64.10256
63.81767
48.53800
30.70178
58.40456
49.28778
40.93567
31.90878
27.92022
64.10256
65.12344
64.03511
51.35133
45.58400
33.91811
33.62578
35.73578
37.71933
41.52044
65.16511
60.11400
67.23644
51.16956
58.40456
59.25922
66.66667
46.91356
69.23078
37.53756
57.26500
52.04678
47.07600
41.81289
36.11111
57.01756
57.01756
51.85189
44.44444
39.88600
63.45033
63.74267
61.69589
54.41600
40.54056
61.98833
55.84800
51.75433
39.60111
29.23978
65.81200
59.45944
54.41600
49.41522
32.16378
70.27022
68.12867
57.89478
49.28778
23.36178
64.67233
60.23389
46.84689
25.07122
4.09356
63.17456
56.19044
52.94122
45.39678
41.50322
68.30067
64.98311
60.63489
55.87300
48.03922
51.30722
46.34922
39.54244
36.27456
29.73856
62.41833
62.74511
59.15033
53.26800
50.32678
67.30156
61.11111
56.56567
47.93656
37.25489
51.30722
48.36600
44.77122
40.19611
36.60133
55.22878
42.76089
40.95233
38.23533
30.97644
66.03178
61.43789
51.96078
43.79089
30.79367
74.41078
67.30156
63.39867
47.38567
29.41178
66.34922
64.37911
55.88233
40.52289
26.66667
58.41267
50.79367
34.64056
24.91578
9.15033
66.33000
63.80956
42.22222
32.06344
20.63489
50.47622
46.12800
37.14289
27.45100
28.75822
67.61900
69.93467
56.20911
56.20911
40.00000
32.69844
33.01589
36.19044
37.90844
40.31744
70.37033
64.76189
64.70589
57.77778
63.49211
62.96300
75.55556
53.65078
74.28567
43.13722
64.05233
62.74511
60.45756
56.19044
48.69278
63.49211
55.23811
51.30722
43.17456
38.09522
62.22222
56.53600
45.48611
37.14289
29.52378
62.22222
53.26800
45.79122
39.04767
26.79733
68.62744
65.39678
55.88233
51.63400
44.44444
70.03367
65.68622
57.46033
41.75089
33.33333
65.03267
52.61433
40.84967
19.19189
8.75422
65.39678
56.17289
52.46911
46.03178
39.81478
71.60489
65.68622
57.09878
56.50789
50.30867
53.33333
47.30156
42.53967
36.50789
29.93822
65.07933
64.81478
61.43789
57.40744
50.79367
64.50622
59.25922
57.09878
44.76189
36.11111
51.63400
48.57144
44.12700
40.74078
36.50789
61.41978
50.79367
45.42489
32.06344
27.16044
66.04933
55.23811
45.07933
35.29411
29.08500
66.66667
58.82356
50.30867
37.65433
22.22222
65.39678
64.76189
51.74600
36.41978
20.58822
60.00000
52.18856
44.77122
28.57144
10.18522
63.17456
67.61900
60.94278
38.88889
28.70367
45.09800
41.58733
36.82544
32.09878
27.77778
66.66667
66.34922
59.36511
57.09878
51.54322
44.75311
48.88889
43.17456
40.74078
37.65433
66.34922
67.90122
60.63489
62.34567
54.28567
63.88889
71.91356
53.39511
74.69133
40.00000
53.33333
48.82156
43.46400
45.71433
42.15689
61.90478
57.51633
53.08644
45.42489
42.85711
68.25400
62.34567
57.46033
44.76189
39.04767
64.19756
53.65078
46.03178
37.34567
29.84122
64.12700
55.88233
51.30722
37.03700
30.47622
64.44444
66.97533
63.17456
56.53600
25.49022
63.39867
59.36511
48.25400
30.47622
4.62967
57.14289
51.96078
48.88889
43.17456
38.27156
61.58733
58.64200
58.33333
49.52378
41.90478
44.44444
39.81478
36.11111
32.38100
26.85189
71.04378
68.51856
65.43211
61.11111
58.16989
59.25922
58.41267
51.23456
42.85711
30.55556
48.88889
47.61900
41.17644
38.58022
33.64200
38.88889
34.92067
33.67000
30.15878
30.47622
61.43789
56.17289
47.71244
35.29411
21.60489
64.81478
57.77778
46.98411
34.64056
14.81478
65.07933
61.90478
47.30156
23.85622
16.35800
67.61900
65.12344
59.56789
55.24689
51.11111
66.97533
64.44444
53.70367
55.89222
51.85189
53.65078
63.49211
40.95233
50.79367
33.65078
63.49211
57.14289
56.53600
42.53967
34.56789
36.41978
32.65989
39.19756
44.11767
46.03178
65.74078
71.29633
64.12700
61.72844
49.67322
62.34567
76.19044
49.84122
70.98767
36.50789
62.34567
56.20911
49.38267
44.44444
29.73856
57.40744
47.61900
42.59256
42.15689
37.14289
63.07189
61.58733
55.55556
55.24689
45.07933
57.46033
49.52378
54.28567
38.09522
32.38100
53.39511
47.22222
42.15689
37.77778
31.04578
70.06178
69.75311
68.57144
68.25400
66.34922
62.85711
60.49378
51.42856
44.75311
30.79367
