PSNRY,PSNRCb,PSNRCr
36.4958,37.1566,36.6633
33.5502,34.1537,33.6962
30.4615,31.1208,30.6307
27.4873,28.142,27.6279
24.4924,25.1811,24.5849
42.349,36.5615,36.5119
39.5024,33.5758,33.5323
36.4542,30.5806,30.4922
33.5201,27.6428,27.5163
30.4728,24.671,24.4471
36.533,37.182,36.658
33.47,34.1885,33.659
30.4874,31.0586,30.6085
27.4577,28.1341,27.6549
24.452,25.2119,24.6114
36.2157,37.0755,36.5691
33.1522,34.0231,33.5046
30.0864,30.9712,30.4373
27.3237,28.2286,27.6748
24.1872,25.1184,24.5374
36.447,37.0488,36.6058
33.4679,34.0733,33.6269
28.4835,29.116,28.6359
23.4792,24.1756,23.6136
18.4778,19.2299,18.5818
36.9161,37.1682,37.2824
33.4161,33.7937,33.9449
30.4874,30.7271,30.9397
27.6033,27.9175,27.997
24.4537,24.9095,24.9614
36.1137,36.6726,38.0863
32.27,34.6322,35.539
30.0252,29.4674,33.2389
26.6584,25.6853,31.8603
24.0457,23.7691,27.4367
33.9783,55.3668,55.1476
29.1479,52.7584,52.1045
25.281,50.2826,48.8624
22.7337,47.6927,45.1635
20.97,44.9756,40.9216
34.7061,38.4852,37.9763
31.5114,37.3925,36.8258
27.711,36.3887,35.7756
24.6305,34.7038,34.0685
21.4516,33.149,32.4488
33.6797,46.065,44.0951
30.659,44.5829,42.5402
27.4483,41.5545,39.1835
24.4088,36.7616,35.2019
22.3195,27.4231,33.0811
33.3242,46.4892,46.703
30.3109,45.5026,44.9245
27.3381,44.6295,42.8784
24.1626,41.9277,39.0196
21.1373,38.9966,34.6604
32.8496,49.4273,48.7142
31.1723,50.9652,49.5987
27.1902,50.3505,49.5412
23.9219,50.0116,49.5042
21.293,49.189,49.2376
33.9421,51.5416,51.5948
29.5468,48.5003,49.4194
27.1076,47.496,47.5955
24.3268,48.3801,47.8918
20.8163,43.9134,44.0033
32.8231,59.1809,56.9741
29.6545,56.7693,55.2062
26.9442,52.5233,49.283
25.2076,50.3708,46.5685
23.419,47.8568,41.7759
26.9346,48.905,38.4822
25.9567,49.6699,39.5969
25.4308,50.9093,40.1544
24.7444,52.5492,42.4899
25.8427,38.0644,28.7849
32.5685,66.9171,77.0014
28.1313,78.6864,101.067
22.1226,51.9151,61.1745
18.5885,75.9213,84.7321
16.1957,38.5048,47.6033
36.351,45.5195,46.3288
30.2047,40.1436,40.5184
28.3376,38.0962,38.5827
23.4614,34.2024,34.0929
22.3084,32.2004,32.7347
53.4789,35.4025,35.6667
53.4857,32.6653,32.8927
52.8751,29.2782,29.7832
53.399,26.1972,26.944
53.0083,23.294,23.8416
36.0695,37.6956,36.0869
33.0914,34.7173,33.09
30.1076,31.7098,30.1067
27.0791,28.7049,27.0653
24.0977,25.7426,24.1046
33.4062,46.0897,46.0993
30.2252,44.7464,44.752
27.2265,43.1064,43.0707
24.1153,40.7246,40.4131
21.0701,38.4201,37.375
33.7807,42.8863,41.6616
30.7065,40.1704,38.7298
27.8005,37.1901,35.4404
25.0354,33.7189,31.5263
22.4697,29.9492,27.4323
34.2233,42.409,38.4607
31.0702,41.0401,36.8029
27.0887,40.7509,35.734
25.5867,38.2316,31.8435
21.1153,36.8999,29.8247
40.923,36.6628,37.131
35.8466,31.5296,31.9893
32.8355,28.7478,29.1641
30.1648,27.6444,27.7422
21.9628,29.0503,31.3853
33.4186,45.2594,44.8663
30.2522,44.3384,43.7263
27.1349,43.2639,42.0541
24.0818,41.6539,39.0404
21.0184,39.3006,33.7213
36.5201,37.14,36.6546
33.5268,34.202,33.69
30.511,31.2298,30.6353
27.5368,28.3751,27.6488
24.5784,25.654,24.6624
42.3766,36.6004,36.5608
39.5073,33.667,33.5508
36.5269,30.7896,30.5056
33.5833,28.1707,27.5081
30.5629,25.5335,24.4485
36.5111,37.1441,36.6846
33.5687,34.2058,33.6988
30.5148,31.281,30.6347
27.447,28.4166,27.6732
24.5832,25.6738,24.716
36.7876,37.8428,36.2771
33.7772,34.8668,33.2545
30.7721,31.9148,30.237
27.7147,28.9281,27.1619
24.613,25.9315,24.0466
36.4535,37.0616,36.6091
33.4781,34.1139,33.6362
28.5087,29.3248,28.6553
23.6254,24.7816,23.6907
18.9799,20.3401,18.8335
35.4542,34.5768,36.3812
31.6778,34.201,32.4222
28.4136,31.1148,29.4259
25.4246,28.1872,26.2613
22.481,25.1924,23.4129
37.1679,36.5823,36.9076
34.6675,37.706,34.5607
31.4671,28.7515,30.8729
30.9394,26.0188,29.4396
25.6507,22.3175,26.6666
39.9365,53.247,50.707
35.1746,49.8544,46.3665
31.3376,46.603,42.3494
28.6575,43.5576,38.6934
26.5276,40.4226,35.1214
36.2081,43.5004,42.1657
34.2042,42.3624,40.7877
31.7781,40.4176,38.6623
29.2013,36.2487,35.5781
24.0394,29.9294,27.6691
37.2273,44.4429,40.1726
34.9027,42.8991,38.6069
32.0051,40.2183,36.0666
29.0074,35.374,32.3983
26.9046,35.3475,29.869
33.9505,43.7637,40.9727
31.0602,41.2097,37.8688
28.1819,38.8507,34.3104
25.4129,35.4829,30.5426
22.5879,32.0669,28.3583
45.9622,49.9055,33.9578
30.7419,45.6269,45.1693
26.731,46.6361,45.0603
23.9903,44.9998,44.5127
20.6581,37.6837,30.928
33.2448,47.0463,44.1754
30.5422,47.5384,41.6441
28.0322,47.8216,35.7242
24.0141,41.7422,34.8381
21.1788,37.1911,38.2665
33.346,49.6085,43.7917
33.9788,53.5627,47.5661
31.4765,47.6316,41.1096
30.5125,45.4435,39.0476
28.6234,43.2515,36.4675
27.5355,43.2337,36.9484
26.7839,37.0919,32.2622
26.4798,34.1132,30.3877
26.6112,36.4536,27.0541
26.5177,31.6737,31.9324
32.5775,58.6603,70.1151
28.1424,63.131,66.959
22.1674,43.8902,54.469
18.6086,50.5455,57.5363
16.4926,30.7572,40.5645
39.672,39.2449,34.8925
34.8539,33.4274,29.0638
31.8633,31.5861,27.0833
28.8849,26.8828,22.0617
25.8735,25.4444,21.0469
53.4216,38.0824,33.4416
53.5749,35.0853,30.6075
53.4239,31.9316,27.4257
53.4834,28.9475,24.3775
53.4833,25.9433,21.5022
37.2954,40.7591,34.7092
34.2818,37.7767,31.7373
31.3356,34.8214,28.764
28.3094,31.8109,25.7184
25.3074,28.8425,22.7267
33.6183,44.422,43.3733
30.5393,42.3461,40.725
27.5584,39.1988,37.0507
24.781,35.63,32.4845
22.112,31.9737,28.0979
34.3792,41.3884,39.242
31.5838,38.4107,35.8406
28.902,35.7787,32.0924
26.3596,33.2158,28.2597
23.5145,29.88,25.6103
34.7208,42.9981,37.2702
31.2936,41.8962,35.8398
27.6584,40.3302,33.4767
25.4335,37.9848,30.8913
21.6155,34.2345,26.0797
40.521,37.1836,36.4979
34.9741,33.3166,31.6938
28.0144,33.0127,29.9971
25.2729,30.8364,28.1943
23.3756,29.0089,27.6898
33.8555,43.6425,41.4724
30.7854,41.5344,38.7344
27.8869,39.0267,34.9088
25.1385,35.6645,31.5074
22.1437,34.1797,27.2936
36.5548,37.1977,36.708
33.5959,34.2853,33.7525
30.5413,31.2666,30.6794
27.5155,28.3417,27.7004
24.5337,25.4459,24.6773
42.381,36.6556,36.6005
39.4746,33.7718,33.6036
36.4867,30.8238,30.5617
33.5114,27.9821,27.5588
30.5129,25.0988,24.5342
36.5174,37.2002,36.7096
33.6166,34.2782,33.7425
30.5276,31.2745,30.7017
27.5435,28.3706,27.6571
24.5551,25.521,24.6926
36.1574,37.6622,36.3206
32.9763,34.5045,33.1553
30.1599,31.701,30.3584
27.1466,28.6896,27.3776
24.1253,25.6466,24.4054
36.4843,37.1139,36.6422
33.5108,34.1773,33.6729
28.5334,29.3149,28.6983
23.5511,24.487,23.705
18.6297,19.6427,18.784
36.1298,36.1532,36.4371
32.9903,32.8095,33.3456
29.9588,29.8245,30.1379
26.9418,26.6881,27.2748
23.9148,23.7775,24.2593
37.1093,37.6696,37.0175
33.7169,34.1213,33.5797
30.748,30.8113,30.3792
28.2515,28.6203,27.4616
23.9351,24.4198,26.7502
40.6198,53.26,53.7352
35.8354,49.6354,50.1489
31.8618,46.1675,46.7952
28.8606,42.4518,43.4238
26.3353,38.4467,39.7623
39.5881,44.1838,43.804
37.1402,42.7724,42.4016
33.8657,40.3358,40.3278
30.3226,35.5829,37.3092
24.99,28.4547,31.2525
39.3415,42.7179,43.6012
36.6654,41.0774,42.18
33.3936,38.041,38.8631
29.7945,33.2133,33.3697
26.5995,28.9059,28.5438
33.9215,41.6499,43.2075
31.12,38.2188,39.4601
28.2081,34.3256,36.199
25.0004,31.0629,33.1081
22.267,28.9382,26.7063
33.0713,47.1878,47.0474
30.7308,46.3444,46.7771
27.4491,36.148,46.5127
24.9724,30.9127,45.004
21.192,30.1874,31.1259
34.3047,40.7831,43.0342
30.487,40.6263,43.7482
28.908,32.0074,46.9559
24.0898,40.995,45.1209
20.5624,37.0651,37.7942
32.9778,43.612,45.7822
33.3972,46.107,48.5571
30.7549,41.7121,43.2212
29.5953,39.9813,40.9697
28.1983,35.9538,39.9472
27.8184,31.7451,33.0747
27.2926,29.6619,31.0698
27.7637,28.7443,29.4997
27.7161,27.4275,28.0757
27.1341,27.8377,36.3803
32.59,55.3902,66.7451
28.2291,53.196,51.247
22.2049,40.2735,54.5764
18.7168,42.6054,41.8932
16.3312,30.7974,44.4673
35.9728,37.3683,40.677
31.2742,33.5732,35.4793
28.0316,29.4418,32.9179
24.6583,28.6132,29.3241
22.0107,23.4381,26.8942
52.6833,34.4862,37.8056
52.7621,31.4385,34.8874
53.0089,28.4519,31.8641
52.5093,25.4767,28.9597
52.2997,22.4724,25.9483
35.8675,38.3044,35.6268
32.8789,35.3141,32.6439
29.8718,32.3396,29.7275
26.8944,29.3567,26.7407
23.888,26.288,23.7457
33.8529,42.1919,43.0213
30.7766,40.1211,40.8512
27.7129,37.256,37.9043
24.7531,33.2067,33.9702
21.8466,29.2868,29.9859
34.9365,39.9763,39.0187
32.0627,37.0855,35.5148
29.2571,34.0347,32.1795
26.5016,30.7521,28.8779
23.3549,26.9803,27.306
35.7148,37.6851,37.7595
32.4258,35.2275,34.2706
29.4267,32.3847,31.6412
25.809,29.1443,29.1435
23.5807,27.4338,25.7684
41.0798,36.6816,36.3309
35.5542,33.2113,31.9106
28.4756,31.8062,29.733
25.8026,29.5257,27.9894
23.7449,27.2838,26.349
33.9105,42.1991,42.3314
30.9651,39.0597,39.1135
27.8391,34.8466,35.493
24.6622,31.1169,32.0866
21.9124,27.5278,28.4571
36.4998,37.1363,36.6577
33.5401,34.1661,33.6924
30.4828,31.1153,30.6172
27.5133,28.2105,27.6421
24.5531,25.2581,24.6596
42.3546,36.5569,36.5492
39.4907,33.6269,33.5775
36.4758,30.572,30.5177
33.5529,27.6659,27.5124
30.4883,24.7893,24.471
36.4846,37.1364,36.6597
33.5521,34.1658,33.6994
30.4553,31.1345,30.6638
27.5214,28.2164,27.6502
24.5276,25.2764,24.688
36.3549,37.0583,36.9174
33.3272,34.0467,33.8979
30.489,31.2448,31.0785
27.3082,28.1303,27.89
24.1189,25.0206,24.6586
36.4576,37.0481,36.6099
33.4814,34.0766,33.6338
28.5159,29.1451,28.6549
23.5895,24.286,23.6676
18.6815,19.4884,18.662
36.4114,36.5372,37.0189
31.601,35.1377,33.8891
28.8871,32.3776,31.1477
25.9315,29.2803,28.0944
22.898,26.2299,25.097
36.5797,37.5764,37.3524
33.5713,33.8616,33.8807
31.8845,31.6613,30.5611
27.6389,26.6087,27.2975
23.6816,26.2345,23.7023
42.0263,55.8888,53.9569
37.2905,53.4835,50.5223
33.3513,51.3648,46.8945
30.2929,49.0636,42.9793
27.6041,46.3456,38.973
37.5086,44.6585,43.9049
35.773,43.5594,42.6657
33.7258,41.3645,40.125
30.9135,38.4854,36.9658
25.2497,34.0089,30.6899
38.8207,47.2935,42.3852
36.685,45.4225,40.5467
33.7847,41.6975,37.4061
30.1714,38.1594,33.2083
27.1391,27.6638,27.7838
33.9114,45.2495,40.705
31.1082,41.878,37.2263
28.214,39.4669,33.6098
24.7381,36.9662,31.8207
22.0293,35.7232,26.6069
33.2862,51.9439,47.6662
29.8312,50.0929,47.0944
28.5109,51.497,32.1855
24.3926,51.2705,32.6382
22.1833,38.6864,32.2981
33.3695,50.774,44.1331
30.2306,49.6531,44.6487
27.1593,48.0814,44.1634
24.3428,47.1914,39.6562
20.9126,45.4387,41.9999
33.2803,51.175,43.4005
36.825,58.5097,49.841
33.2654,54.0448,44.7213
32.0034,51.8179,42.4037
30.1519,47.8742,39.1963
30.0321,45.888,36.4343
29.3087,40.0823,30.6342
28.6506,38.5377,29.154
28.7294,36.473,27.0139
25.6972,29.2975,41.9212
32.5784,71.6517,74.0684
28.1379,68.2067,62.8399
22.1498,55.9352,53.1987
18.5967,63.5111,52.6807
16.3908,40.3023,40.4599
37.3017,45.8778,40.1007
31.7185,40.0665,34.1696
29.4372,38.258,32.2435
24.9947,33.8406,27.2706
23.4273,32.3505,26.2687
53.2318,38.9891,33.1433
53.3941,35.873,30.1239
52.945,33.1587,27.13
52.9937,30.2716,24.0789
52.3195,27.0233,21.1033
36.7263,38.1957,35.7488
33.7562,35.2495,32.7487
30.7517,32.2433,29.7631
27.7543,29.2632,26.8022
24.7322,26.2951,23.7441
33.6474,45.2619,43.4484
30.5708,42.5733,40.2877
27.7679,39.8831,36.139
24.9499,36.1902,31.9367
21.9094,32.9697,27.9684
34.5407,41.2898,39.1115
31.9127,37.8132,35.4589
29.2314,34.3925,31.8361
26.6012,31.5834,28.3671
22.6699,31.3317,27.0937
35.0523,41.557,36.9519
31.6093,40.4701,34.2961
28.3596,38.7048,32.5698
24.662,36.9792,30.6931
20.8845,33.8551,27.2562
40.6255,35.4909,36.426
32.4671,32.8028,34.1737
28.6274,30.0014,32.4779
26.7515,28.3499,30.9305
23.0369,27.9666,29.0507
33.8208,45.0868,41.2953
30.99,42.3468,37.8777
27.8651,39.7852,34.8451
24.8447,37.2313,31.0696
21.6445,34.9362,28.2018
36.5571,37.1911,36.7039
33.5885,34.2503,33.7514
30.6205,31.2585,30.7329
27.6908,28.3493,27.8197
24.7544,25.4791,24.8776
42.3646,36.636,36.5954
39.498,33.716,33.6089
36.5011,30.7031,30.5702
33.5852,27.8492,27.6068
30.5663,25.0214,24.6883
36.5461,37.1734,36.6994
33.6461,34.2113,33.7293
30.6475,31.2939,30.7314
27.68,28.3289,27.806
24.6956,25.493,24.9235
36.1372,37.1224,36.4672
33.2529,34.2439,33.5878
30.1672,31.1682,30.5066
27.2066,28.2264,27.561
24.2404,25.2946,24.6235
36.5079,37.0976,36.6557
33.5556,34.1606,33.6982
28.661,29.3066,28.7834
23.8178,24.5352,23.9329
18.9764,19.8398,19.1628
35.4537,35.7427,35.999
31.99,32.4718,32.3214
28.9663,29.4782,29.3932
25.8969,26.5046,26.4574
22.8836,23.5553,23.5307
36.9448,37.7655,36.8815
33.6643,34.4696,33.3788
30.2905,31.5535,30.9536
26.4444,28.3555,27.8468
23.3186,26.357,25.6691
33.2005,51.8385,53.2304
28.4101,48.0366,49.6719
24.2751,44.3908,45.8371
21.1818,40.5088,41.3624
18.8508,36.3546,36.7769
36.197,38.9217,38.4273
33.319,37.1746,36.6645
28.8821,35.1918,34.5724
23.7349,33.6868,33.1253
18.9793,31.0849,30.8549
34.6439,39.6437,40.3005
31.1472,38.0576,38.5483
27.1882,35.3803,35.6313
23.5835,31.6357,31.3632
21.1764,28.5375,28.9279
33.9226,41.8615,43.7881
30.7483,39.876,41.4338
27.6334,37.9289,39.2554
24.6625,34.7083,35.6482
21.494,32.3167,32.482
32.538,44.8336,46.2708
30.5426,44.8408,46.2712
27.2087,44.7834,46.2374
24.986,31.8115,45.8363
20.1084,42.9147,44.1046
33.6839,48.3078,41.118
37.532,35.5333,33.6367
27.1202,44.536,40.7415
24.3444,41.1805,42.7526
21.0628,34.1645,38.3446
32.7584,50.9682,48.0389
27.3677,47.1082,49.7705
24.0707,41.4535,43.2108
22.1875,38.9628,37.4845
20.115,35.3124,35.6696
23.1912,36.1641,40.116
23.3542,32.5048,36.8235
23.6541,31.1648,34.3377
23.7894,28.6461,40.6664
28.2102,31.5225,25.506
32.5953,58.4045,62.5475
28.2106,53.2744,55.4346
22.3319,45.353,46.1067
18.6983,42.9317,47.4161
16.8436,36.9003,36.9073
33.4113,43.7776,44.0535
28.6317,38.1264,38.086
25.4423,36.1015,36.3893
22.6892,31.9965,32.0412
19.4151,30.0702,30.3559
53.0718,35.4522,35.7417
53.2573,32.4446,32.7688
52.9098,29.5136,29.737
52.85,26.4526,26.7354
53.2377,23.5054,23.7673
36.1932,37.6224,36.0775
33.2253,34.6842,33.1385
30.2378,31.7133,30.1744
27.216,28.6574,27.1998
24.2426,25.6956,24.272
33.7484,42.7356,43.5496
30.5286,41.143,42.1028
27.4245,39.3779,40.3596
24.3488,36.8712,37.7146
21.3875,33.7481,34.3088
34.2746,40.7535,40.4447
31.1068,38.2428,37.6766
28.058,35.6363,34.6047
25.1218,33.0636,31.6794
21.9107,30.4891,28.8004
35.9548,37.7433,37.0207
32.7985,35.0362,34.151
29.5489,32.0328,31.0862
25.6885,30.2201,29.8185
22.2381,28.9173,28.0194
41.2457,36.3708,36.6948
36.4273,31.4853,31.809
33.5907,28.6373,28.961
31.4518,26.4896,26.8142
28.9473,25.4167,25.3432
34.1253,41.2149,42.0705
30.937,39.3994,40.1371
27.74,37.2963,37.958
24.5653,34.8623,35.3569
21.4858,32.4069,32.4098
36.6834,37.1486,36.9187
33.6969,34.1979,33.9449
30.6466,31.1612,30.9131
27.6858,28.1784,27.9712
24.6885,25.1993,24.9565
42.32,36.5602,36.7939
39.4358,33.5994,33.8283
36.4322,30.5247,30.7945
33.4432,27.5735,27.8043
30.4124,24.5881,24.8478
36.6682,37.1843,36.9207
33.6661,34.1441,33.9648
30.6054,31.167,30.9372
27.7209,28.2087,27.9507
24.7441,25.2003,24.9868
36.2406,37.2264,36.4216
33.3591,34.3563,33.5468
30.3037,31.3138,30.4946
27.1444,28.1689,27.3429
24.467,25.5116,24.6841
36.5884,37.0761,36.8449
33.6233,34.1113,33.8902
28.6782,29.1519,28.9537
23.7111,24.1855,24.0058
18.72,19.284,19.08
35.9648,36.9504,36.1596
30.9552,35.0711,34.8585
27.8739,31.9764,31.8455
24.9212,28.9528,28.9847
21.9051,25.9252,25.9038
36.0782,36.8178,37.3242
32.6497,34.2922,34.3907
30.6989,30.9541,31.8238
27.4659,27.2252,29.6102
24.4072,23.5778,27.2911
33.8588,53.1981,54.9162
29.001,49.7057,52.146
25.1544,46.5823,49.2277
22.6336,43.8443,45.9013
20.8142,41.0999,42.2821
35.4756,39.0738,38.6347
32.4994,37.5705,37.0852
28.4334,35.7252,35.2776
24.4984,34.049,34.4567
20.4507,31.4357,33.6391
34.6787,42.8736,44.1044
31.4274,41.6061,42.6126
27.8767,39.4117,39.6229
24.6637,34.8068,34.2711
22.5365,28.8553,30.9795
33.5759,43.8112,45.482
30.4369,42.507,43.8592
27.3246,40.9689,42.4828
24.2137,38.5503,38.9986
21.1072,36.1292,36.0384
33.762,46.6326,47.8914
29.4434,47.3778,49.5516
26.8952,47.1379,49.465
24.4056,46.113,48.4641
21.0253,46.9858,49.2755
34.0443,48.6103,50.3236
30.8232,47.4755,46.4443
27.4752,43.9424,46.0858
24.0629,40.5992,46.14
20.9819,36.8995,43.2751
32.9131,52.5937,52.572
28.9192,50.5674,53.4291
25.6834,46.2623,46.2489
24.2712,44.6292,44.0549
22.6585,42.4324,41.657
25.2246,41.8969,50.8265
24.6345,38.3236,51.1251
24.4004,48.2756,54.5938
23.8263,49.0975,57.908
23.7375,53.0585,60.1123
32.573,67.2738,79.1078
28.5231,45.0926,55.7175
22.1183,53.0024,62.7867
19.1628,34.7354,47.2751
16.1451,43.3172,48.881
32.5,42.7661,48.7038
28.6791,36.7973,43.2014
24.5014,34.9529,41.8682
22.7082,30.162,36.8022
18.4775,28.9854,35.7849
53.0881,33.9307,40.4695
53.3919,30.8673,37.6536
53.4441,27.9007,34.7062
53.4449,24.9066,31.6504
53.3189,21.9476,28.8035
35.8737,37.4495,36.3511
32.8707,34.4705,33.3913
29.8931,31.4561,30.4907
26.8895,28.4057,27.4773
23.8824,25.4326,24.5203
33.4793,43.7716,45.062
30.4025,42.2713,43.8661
27.2966,40.4877,42.1215
24.3038,38.1213,39.7793
21.1783,35.1826,36.4467
33.9875,41.3663,41.4381
30.9133,38.7135,38.556
27.9553,35.6814,35.132
25.1295,32.4579,31.8655
22.1074,29.2682,28.4394
34.7822,40.2707,37.9952
31.4045,38.9687,35.0093
27.5809,37.2022,33.6469
24.6344,36.5003,32.9186
22.3017,35.0158,30.3647
41.035,36.6766,37.0131
35.9222,31.5072,31.8411
32.7422,29.4513,29.3958
30.471,27.95,27.5957
21.856,31.8244,30.5821
33.7763,42.3192,43.7496
30.5872,41.0209,42.1148
27.3596,39.746,40.2588
24.2146,38.4165,38.3193
21.0258,37.0792,35.3254
36.5059,37.1512,36.6839
33.5277,34.1696,33.686
30.4758,31.1633,30.6296
27.5098,28.1834,27.6662
24.4929,25.2277,24.6372
42.3959,36.5837,36.5592
39.4784,33.6253,33.5639
36.4791,30.625,30.522
33.5074,27.7031,27.5363
30.5073,24.7563,24.4802
36.5102,37.1277,36.6898
33.5314,34.1899,33.6721
30.5227,31.1865,30.5839
27.4819,28.1544,27.6965
24.4826,25.2707,24.6524
36.2391,36.9842,36.571
33.1554,33.9396,33.4838
30.2091,31.0378,30.5395
27.104,27.9835,27.4386
24.2373,25.1673,24.5879
36.4505,37.0513,36.6101
33.4723,34.091,33.6326
28.4918,29.1614,28.6521
23.4942,24.2304,23.6561
18.5066,19.3085,18.7038
36.3408,36.7363,36.5885
33.3002,33.5764,33.639
30.4227,30.6203,30.5832
27.4071,27.523,27.5397
24.4557,24.6809,24.62
37.2231,37.4231,36.7645
33.994,34.4308,34.0437
29.9933,30.857,31.4925
26.5904,27.4372,28.01
23.9371,24.6218,28.3713
39.2013,54.4756,54.9422
34.3269,51.2863,51.9889
30.0054,47.9545,48.5937
26.2023,44.0818,44.2954
22.6405,39.9522,39.644
38.9772,42.7768,42.1967
36.4548,41.1334,40.5391
32.8127,38.838,38.0624
28.6978,36.0113,35.5739
23.7476,31.6987,31.8944
38.5819,42.8466,42.3526
35.7314,41.0064,40.7941
32.1727,37.6886,37.7804
28.0543,33.6514,32.6973
25.0004,28.7892,31.058
33.9012,42.3905,42.5346
31.0271,38.5775,39.3548
28.1184,35.962,36.4588
24.8015,34.1945,34.233
21.6831,32.2737,30.0872
44.8082,47.613,32.4934
30.8112,48.1667,48.5183
27.0371,46.7419,48.179
24.8555,35.8745,30.4282
20.983,44.8548,46.2572
35.312,42.8589,46.2297
30.0913,44.6377,48.3589
27.247,44.7293,44.1211
24.1189,41.3684,43.5235
21.2543,42.9406,41.7706
33.1237,47.672,45.5682
31.8616,49.0727,49.0671
28.6752,42.5745,43.6948
26.8154,39.8343,39.2746
25.3682,38.9024,36.841
27.2392,40.6241,39.8577
26.2472,35.0722,37.5619
25.9205,31.9127,34.6349
25.7835,31.2606,31.6105
26.3922,34.8596,30.0496
32.5711,61.9234,73.857
28.1409,65.8216,58.8893
22.1403,45.9291,59.591
18.6094,54.2931,47.3321
16.2583,35.4222,46.5804
36.0401,43.2511,43.3702
30.3057,37.8936,37.4795
28.1249,35.6105,35.6703
23.7599,31.8098,30.9437
22.0959,29.6635,29.6539
53.1667,35.74,35.7319
53.5281,32.5553,32.6259
52.9829,29.4413,29.7394
52.8557,26.5661,26.5496
53.3502,23.5993,23.5481
36.0545,37.8686,35.928
33.12,34.9084,32.9467
30.094,31.8843,29.9325
27.105,28.8819,26.9699
24.1164,25.8707,23.9983
33.7071,43.4202,43.3212
30.6322,41.1679,41.1668
27.6087,37.8107,37.8948
24.8561,34.1263,34.1745
21.8292,30.3424,31.0207
34.5737,40.1509,39.2268
31.7812,37.4264,36.1358
28.8741,34.3433,32.7787
26.1759,31.1643,29.4502
22.8671,28.7667,26.9118
35.413,38.9331,37.4055
31.9232,36.961,34.9696
28.6441,35.2348,32.0944
25.3841,33.4335,30.1522
22.1834,29.2243,28.5803
41.6465,36.1385,36.7228
36.1705,31.5243,31.901
29.0512,30.0431,30.6974
28.1083,28.2724,28.7212
24.2462,27.4815,27.6877
33.9127,42.1485,42.3957
30.8368,39.4398,39.8689
27.8782,36.4083,36.6544
24.8211,33.993,33.7523
21.7243,31.907,30.3257
36.5827,37.2091,36.7916
33.6246,34.232,33.8401
30.593,31.1983,30.8399
27.6501,28.2465,27.856
24.7067,25.2739,24.933
42.3215,36.622,36.7126
39.4188,33.6549,33.7399
36.4421,30.6193,30.7131
33.4666,27.6487,27.7765
30.4543,24.672,24.7636
36.6259,37.2416,36.8331
33.7069,34.3011,33.8152
30.6483,31.2088,30.8307
27.6621,28.2156,27.8695
24.6987,25.3113,24.8434
36.2271,37.2127,36.5994
33.4104,34.4013,33.7933
30.3812,31.3785,30.7717
27.3803,28.3898,27.7885
24.4389,25.4675,24.8678
36.5237,37.1278,36.7465
33.5604,34.1646,33.7942
28.6315,29.2142,28.8758
23.7225,24.28,23.9721
18.8282,19.4389,19.1232
35.4975,36.4661,35.7142
31.0822,35.2828,34.6549
27.5475,32.3016,31.8656
24.4814,29.2829,28.9431
21.4714,26.2484,25.9068
36.3181,37.6018,37.3572
33.0901,34.3496,33.8735
30.3799,31.6992,31.0474
27.1592,29.5062,28.3844
23.752,27.318,26.9108
31.7995,53.12,53.5901
26.8341,49.8154,50.2231
22.7714,46.5392,46.7712
19.9783,43.3743,43.1827
17.8878,39.9994,39.4473
35.5058,39.5682,39.1395
32.8594,37.9389,37.4361
29.101,35.7466,35.2263
24.6577,33.6847,33.3004
19.558,31.8198,31.6577
34.3448,41.7636,41.9439
31.114,40.4488,40.4333
27.1326,37.7814,37.6137
23.5053,33.6652,33.7621
21.1788,30.8739,30.1534
33.744,43.1853,44.0347
30.6585,41.6092,41.6981
27.2658,39.9619,40.6868
24.2867,38.4702,38.6537
21.2164,35.1871,34.9311
35.1106,46.4543,47.1133
31.3344,46.4636,47.0561
26.7277,46.38,46.6658
24.6327,32.707,46.3888
21.6909,44.7061,46.1827
33.8375,47.5061,48.673
29.5904,48.6768,46.2776
26.8707,46.729,49.6366
24.453,42.4594,43.7423
21.0852,42.0032,41.2376
32.8919,53.6743,53.8013
26.6358,50.4411,50.8278
23.1761,44.7945,44.2585
22.1003,41.8035,40.7019
19.8753,39.6601,39.3213
23.1002,40.9639,44.6083
23.2468,34.5986,39.3095
23.7422,31.4253,36.3655
23.977,28.8063,43.4141
26.8359,27.4341,42.3134
32.5684,78.7879,81.1105
28.3992,50.5978,47.7715
22.1249,60.3223,61.8923
19.0749,39.4257,37.7795
16.2175,49.1022,48.569
31.8583,46.8646,48.2329
27.5161,42.0471,39.3594
23.8556,39.4912,40.8345
21.9699,35.7881,34.2102
17.8605,33.4953,34.8185
53.2534,35.0369,36.4554
53.2241,31.9397,33.3768
53.3464,29.0084,30.2483
53.1997,26.1125,27.378
50.6614,23.1946,23.9394
36.1838,37.2573,36.4916
33.2593,34.2882,33.5725
30.3129,31.254,30.6638
27.2917,28.2646,27.6889
24.2898,25.2737,24.7363
33.6457,43.885,44.1448
30.5058,42.2839,42.6681
27.3753,40.3165,40.844
24.2233,37.8704,38.3044
21.3119,35.3136,35.3789
34.0311,41.5375,41.0314
30.9042,38.9718,38.2533
27.9733,36.0692,35.0838
25.1447,32.8437,31.8376
22.1351,30.1892,28.9149
35.248,38.9408,38.0345
31.6712,37.0409,36.0229
28.2879,34.8865,34.2047
25.2135,31.8495,31.8711
22.2137,28.6248,29.4236
40.9274,36.8499,37.1327
36.035,31.8996,32.1781
32.9359,28.787,29.067
31.0507,26.8952,27.1744
28.9336,24.7757,25.0545
33.9754,42.1734,42.4743
30.7764,40.6108,40.608
27.5849,38.9159,38.5698
24.4544,36.956,36.7836
21.2735,34.8067,34.7587
36.5228,37.1375,36.6565
33.5361,34.1725,33.6894
30.4952,31.0862,30.6257
27.5147,28.0978,27.6379
24.4916,25.0653,24.6783
42.3751,36.5782,36.5557
39.5073,33.5689,33.5521
36.4749,30.546,30.4882
33.48,27.5266,27.4964
30.4631,24.4956,24.5235
36.5348,37.1413,36.6464
33.5462,34.1221,33.698
30.5194,31.1339,30.6632
27.5244,28.1069,27.6907
24.4789,25.1103,24.6842
35.9518,37.1636,36.2476
33.0948,34.3,33.3893
30.1289,31.3273,30.4451
27.1752,28.3699,27.5301
24.3511,25.553,24.7676
36.4512,37.0499,36.6108
33.4743,34.0703,33.6351
28.4908,29.0823,28.6532
23.4968,24.0631,23.6712
18.5652,19.0954,18.767
36.2531,37.3332,36.4469
33.0269,34.1817,33.2536
30.2023,31.1358,30.4529
27.1457,28.209,27.3396
24.0988,25.1851,24.4599
37.0419,37.9929,36.6751
33.9875,34.1922,33.9624
30.7244,31.6397,32.1403
26.676,28.9329,29.9771
23.8558,26.4657,26.2587
37.9319,54.3757,55.559
33.0088,51.2363,52.9583
28.7566,47.6929,50.02
25.3466,43.5186,46.3602
22.4818,39.2142,42.1575
37.9798,42.5976,42.1456
35.6942,41.0996,40.6473
32.3628,39.0395,38.3662
28.6586,36.6661,36.2212
23.5677,32.8679,33.3557
37.7614,42.9857,44.4688
35.005,41.1369,42.8035
31.5291,38.1192,39.6311
27.7685,33.6488,34.8194
25.0279,30.3039,31.8718
33.6755,42.7207,44.3865
30.6116,40.4217,42.587
27.7976,36.3511,38.7271
24.5055,33.7283,35.8893
21.4601,30.9236,32.716
34.4578,47.9571,48.5838
31.5997,47.9526,49.7434
27.0908,47.5635,36.6691
24.1083,37.8507,40.4015
21.1961,34.1888,41.7731
32.7753,48.4504,50.9719
30.1323,49.7323,47.3711
27.0192,42.7044,47.9325
25.1071,32.4465,46.8799
20.793,42.156,45.7896
32.7608,48.9087,50.4231
30.8676,48.6203,54.8513
27.5934,45.1767,46.977
26.2027,41.1462,42.9994
24.3378,37.4118,39.3663
25.3438,36.5622,41.943
25.056,34.7165,38.7253
24.7321,34.4196,44.7434
24.5101,31.5586,46.344
24.798,52.6266,53.4623
32.5796,67.8178,79.4531
28.1423,62.8308,68.131
22.1227,56.7574,63.2608
18.6155,51.1691,57.9419
16.1676,47.8121,45.2425
34.4325,43.6438,47.7126
28.5863,37.7631,41.9994
26.4947,35.975,40.2583
22.0901,31.1447,35.434
20.4706,29.9341,34.3133
53.194,34.279,38.419
53.0883,31.2162,35.5849
52.9912,28.2061,32.6085
52.8455,25.1974,29.5976
52.9997,22.2051,26.6239
36.181,37.3026,36.3953
33.2198,34.324,33.4215
30.2737,31.3226,30.4405
27.2613,28.2992,27.4259
24.2816,25.3003,24.4338
33.6358,43.9039,44.2258
30.4967,41.6189,42.256
27.3444,38.8415,39.7473
24.4746,35.1959,36.4193
21.532,31.5235,32.9396
34.4762,40.6363,39.9523
31.6207,37.5971,36.5717
28.854,34.1036,33.068
26.1811,30.8111,29.6592
22.3871,28.8403,27.92
35.0089,38.5062,38.0579
31.8259,35.0938,36.8067
28.6564,31.9788,34.7538
24.8216,29.6331,32.0021
22.8409,25.5992,28.6916
41.4622,36.2383,36.7415
36.4866,31.2106,31.7049
32.5179,29.1381,28.8065
27.4522,28.9147,28.1392
23.6123,28.3994,27.3468
33.6224,43.0179,43.6366
30.6177,40.4451,41.1775
27.5751,36.9894,38.3452
24.5785,34.0072,34.9963
21.3722,31.3422,32.1144
36.5584,37.1482,36.7168
33.5614,34.1844,33.7564
30.5165,31.1445,30.6509
27.5323,28.1415,27.7211
24.5329,25.1342,24.7069
42.3381,36.5749,36.6184
39.4552,33.6061,33.6218
36.4428,30.5107,30.5335
33.4525,27.5483,27.5911
30.4551,24.5376,24.562
36.5559,37.1826,36.6844
33.5614,34.1989,33.7073
30.5243,31.0961,30.745
27.4893,28.1692,27.7087
24.5285,25.1011,24.728
35.9931,36.9878,36.4317
33.4836,34.4915,33.9236
30.5585,31.5904,31.0234
27.5803,28.6296,28.0737
24.6787,25.7464,25.2159
36.478,37.0676,36.6618
33.5002,34.0911,33.6867
28.5262,29.1114,28.7113
23.5229,24.0968,23.7119
18.4884,19.0565,18.7019
36.9908,37.7561,36.9741
32.2186,35.6105,34.9678
29.2379,32.3951,31.8864
26.1642,29.4168,28.96
23.2465,26.3915,25.9923
36.6185,37.5611,36.8677
33.8256,34.2543,33.6834
30.5068,31.589,30.8163
26.6418,28.8416,28.7123
23.4958,26.5632,26.2454
38.5538,53.9192,55.2419
33.6717,50.7406,52.3741
29.5294,47.8204,49.265
26.3983,45.2404,45.6331
23.8593,42.746,41.7601
37.774,42.6602,42.2836
35.4738,41.1236,40.8665
31.9852,38.8493,38.5239
27.971,36.6674,36.5465
23.5524,34.191,33.8078
38.0412,43.4079,44.1593
35.3331,42.1775,42.583
31.7196,39.583,39.8043
27.9412,35.222,34.5378
25.1486,31.3422,32.4889
33.7001,43.1391,44.3781
30.6273,40.8564,41.6837
27.5195,38.8472,38.9456
24.3064,36.3664,35.5668
21.3078,34.5918,31.499
42.1132,47.4941,34.5483
32.3916,39.0768,45.4139
27.1316,40.2595,49.0427
24.08,46.5083,34.5906
20.8543,36.6979,47.5076
32.8909,48.9182,50.8214
30.1779,48.6002,45.1886
27.4559,40.0188,43.2521
24.3499,46.8997,48.3094
20.4533,34.1149,44.659
32.914,50.4541,47.8781
30.3526,49.6188,48.5573
27.3758,45.9593,42.707
25.8031,43.5438,40.4248
24.718,42.6,39.9716
25.9631,44.6566,38.8412
25.3596,43.4044,36.2381
25.1554,42.6027,34.0944
25.113,40.3581,31.2481
23.8407,49.2339,46.7769
32.5751,80.5746,81.6716
28.2165,53.4419,62.6551
22.1237,66.3848,65.4642
18.6935,44.8776,53.5493
16.2132,47.0306,51.9549
34.7609,49.2758,49.2431
29.7665,43.2398,44.5197
26.935,42.692,42.5129
23.7069,36.8649,38.2895
20.9164,36.7415,36.5931
53.0181,35.7073,35.6498
53.0581,32.6178,32.4803
53.3391,29.9304,29.679
52.7569,26.867,26.5712
49.9195,24.9588,24.8152
36.1386,37.1337,36.5314
33.1912,34.195,33.5868
30.1658,31.1871,30.5763
27.1874,28.1967,27.6056
24.2054,25.1941,24.6114
33.6568,43.3934,43.9373
30.606,41.0802,41.7095
27.4404,38.4188,39.1304
24.4734,35.365,36.3674
21.3961,32.682,33.1222
34.4484,40.8487,39.9984
31.5885,37.6267,36.645
28.8851,34.1601,33.0929
26.037,31.0618,29.6725
22.5302,29.0166,27.2118
34.8143,38.8688,38.1709
31.495,38.0509,35.6515
27.8079,36.553,33.8183
25.0754,34.8717,29.3285
21.9309,33.6647,31.1914
41.3759,36.0196,36.9204
36.1108,31.9047,32.3457
28.2427,31.1249,31.0406
24.5926,31.2699,30.6508
22.3254,29.6155,28.8792
33.9102,42.165,43.1589
30.7381,40.704,40.7505
27.3873,38.8752,38.0204
24.2825,36.7455,34.6891
21.1062,33.7968,31.9073
36.5194,37.1776,36.6657
33.5727,34.2554,33.7135
30.5688,31.2992,30.6731
27.6603,28.3943,27.7559
24.7273,25.4787,24.8138
42.3961,36.6852,36.5558
39.5119,33.7549,33.579
36.5264,30.8029,30.5069
33.5736,27.9101,27.5786
30.5944,25.0217,24.6362
36.5439,37.1578,36.6821
33.5439,34.2871,33.656
30.606,31.2903,30.7026
27.61,28.3605,27.7202
24.7226,25.5178,24.8224
36.1915,37.2144,36.2053
33.6023,34.6426,33.6159
30.5768,31.6394,30.5936
27.5978,28.6857,27.625
24.6538,25.7747,24.713
36.4653,37.1001,36.61
33.5139,34.1841,33.6539
28.6268,29.3424,28.7398
23.7443,24.5213,23.8699
18.8135,19.7034,19.0391
35.7997,35.8722,36.1763
32.5242,32.9305,32.8192
29.4136,29.7754,29.7332
26.3758,26.7876,26.7324
23.2562,23.8026,23.8076
37.1626,37.5786,36.7296
33.3981,33.4836,33.6233
31.1645,30.7995,29.9463
27.8245,28.4724,26.8501
23.8641,25.1649,25.0669
35.2058,55.3065,54.0797
30.4215,52.5491,50.8532
26.5747,49.5129,47.3232
23.9155,45.9923,43.3417
21.9055,42.3229,39.3133
35.89,40.487,39.8313
33.2488,38.9859,38.2049
29.5422,37.2576,36.2765
25.4986,36.0269,34.8476
20.9694,33.4101,32.3974
35.3688,43.6482,42.0237
32.2223,42.0277,40.3162
28.7398,39.2842,37.6315
25.5908,34.1269,32.9435
23.2502,29.7646,28.4664
33.5563,44.5199,43.9062
30.5016,42.9592,42.0297
27.2753,40.7479,39.8329
24.4841,37.3333,35.5288
21.3976,34.6796,32.1356
34.5477,49.2399,47.5131
32.045,46.3916,46.4732
26.8541,49.2795,47.2427
23.9292,47.9813,47.1426
20.9719,38.5997,46.7511
32.8457,50.5854,48.8688
29.8355,45.4728,41.458
27.3736,49.1777,39.8044
23.8594,46.0096,37.3473
21.3966,41.9987,38.2388
32.9606,54.3266,50.3294
28.2065,49.9518,46.1526
25.9805,46.1527,43.7409
24.2203,42.7181,39.0609
23.0132,41.4437,37.608
25.4644,41.0304,39.9156
25.3575,35.2887,35.3158
25.1468,32.0925,34.8556
24.8099,28.8505,42.4945
32.2892,31.9387,27.0502
32.5736,61.3499,71.1192
28.1423,62.927,60.0066
22.3592,43.6824,46.9385
18.6111,51.6006,49.5227
16.8333,37.9022,38.7004
34.7662,46.7836,45.0509
29.2036,40.7052,39.3493
26.8763,39.4398,37.4657
23.2649,34.2084,32.5999
20.8775,33.4534,31.3803
53.6044,36.5396,34.4944
53.5379,33.7274,31.6736
53.4199,30.5251,28.5336
53.8947,27.4943,25.5019
53.3898,24.4889,22.5031
36.1869,37.6314,36.1279
33.1927,34.6267,33.1359
30.1695,31.6134,30.1482
27.1514,28.5966,27.1897
24.1768,25.6137,24.2427
33.5002,44.8243,44.2908
30.3476,43.3527,42.7431
27.3008,41.2641,40.6487
24.2499,38.3489,37.4698
21.2411,34.6261,33.6331
34.1072,41.7713,40.4086
31.1231,39.1426,37.4801
28.1188,36.046,34.1729
25.391,32.9734,30.7589
22.2252,30.2277,27.9047
35.7941,39.8682,36.6068
32.5839,37.7037,33.8569
28.9581,36.0007,30.8336
25.2727,34.536,29.8984
21.5246,32.7279,27.8672
40.9356,36.8436,36.8477
36.0584,31.9165,31.931
33.1037,29.0787,29.0495
30.1598,27.9581,27.2263
23.4934,28.7263,27.6308
33.7818,43.1719,42.4444
30.5973,41.6103,40.656
27.4446,39.7506,38.3721
24.3083,37.6328,35.6967
21.2358,34.7501,32.0673
36.6132,37.1343,36.7478
33.6118,34.1797,33.7696
30.5632,31.1447,30.7036
27.5386,28.1481,27.7333
24.6252,25.1681,24.7314
42.366,36.5659,36.6412
39.4742,33.5728,33.6469
36.4695,30.53,30.5758
33.4875,27.5539,27.6263
30.4763,24.5858,24.589
36.6098,37.1598,36.7221
33.5922,34.1761,33.777
30.5879,31.1681,30.6903
27.5237,28.118,27.7293
24.6348,25.1584,24.7678
36.1301,36.752,36.57
33.3865,34.0319,33.8302
30.4237,31.1066,30.8774
27.4892,28.2132,27.9379
24.6968,25.4777,25.1597
36.5319,37.0654,36.6738
33.5598,34.0901,33.7078
28.5927,29.1208,28.7461
23.6452,24.1646,23.7844
18.8499,19.3181,18.989
35.6433,36.5858,36.2366
30.9234,35.1867,34.9141
27.7848,32.243,31.8421
24.8924,29.1051,28.818
21.8462,26.1369,25.8291
35.7222,37.7166,37.3409
33.2422,33.5066,34.6541
29.4312,31.6774,32.0144
27.8923,26.6106,28.5209
23.9032,24.0701,25.9207
37.9704,55.1843,55.2015
33.026,52.1275,52.2092
29.0132,49.2863,49.0102
26.0814,46.2979,45.0733
23.4931,42.9435,40.713
36.8389,42.9861,42.6444
34.7902,41.6455,41.3272
32.0094,39.7033,39.3841
28.6728,37.4962,37.4618
23.2597,33.1023,33.5549
37.8133,45.5901,43.8112
35.2751,43.9398,42.1291
31.929,41.02,38.9052
28.6397,34.249,34.188
26.1395,28.5285,30.3852
33.5928,45.1622,43.9054
30.505,42.5951,41.3845
27.635,39.244,36.1616
24.7733,37.1347,33.3429
21.8347,35.1703,28.6008
43.0067,34.7562,49.1892
43.9828,50.2635,31.5896
27.0613,44.0109,42.2807
24.4552,35.8771,33.154
21.5213,35.6325,32.3754
33.4916,50.7996,47.1479
31.7429,47.4484,35.8229
27.1316,44.6886,44.3627
24.3278,46.0137,35.377
27.6307,20.941,31.8804
33.0992,48.8646,46.5937
32.4698,53.2164,51.5109
28.7716,50.7268,45.1813
27.7449,44.9909,41.6116
25.5765,44.5517,38.6267
25.0947,40.4155,38.6882
24.9694,36.652,33.7305
25.014,33.4968,32.4991
24.2151,31.8894,41.8971
29.0294,27.2172,30.1455
32.5687,76.9171,87.8446
28.3238,49.5949,51.059
22.1109,61.4521,74.672
18.873,39.5858,42.971
16.1026,48.0213,57.3734
33.814,43.845,45.5337
28.6042,37.6468,39.4655
25.8951,35.9698,38.1667
21.9767,31.113,33.5118
19.907,30.0864,32.1279
53.1317,35.2584,36.993
52.9487,31.985,33.9392
53.5869,28.984,31.0095
53.4355,25.9879,27.9978
53.4838,23.1165,25.0432
36.0312,37.4186,36.2722
33.0578,34.4529,33.3247
30.0978,31.4932,30.3232
27.0626,28.4815,27.3405
24.0855,25.4693,24.3308
33.5946,44.2899,44.4144
30.465,42.3442,42.2595
27.4664,40.0684,39.6571
24.427,37.2345,35.9019
21.5655,33.095,30.7108
34.3094,41.4565,39.9232
31.5315,37.9039,36.4485
28.8077,34.3209,32.7173
26.1301,31.0982,29.3306
21.7973,30.1969,28.7159
35.411,38.4398,37.4632
32.1389,36.5447,35.5331
29.1498,32.9799,32.7132
25.4309,32.0798,29.0335
21.6225,31.8373,27.6239
41.558,36.1402,37.1256
36.3571,31.6062,32.5773
29.6477,30.3037,31.4002
26.9215,28.2586,30.1895
24.0623,26.9503,29.294
33.7248,43.8172,43.6693
30.6965,41.6094,40.5839
27.6072,38.9859,36.6359
24.5472,35.5099,33.1792
21.5092,34.008,29.9352
36.5624,37.1846,36.7229
33.5949,34.2015,33.7838
30.5628,31.1655,30.7113
27.5409,28.1938,27.7146
24.5555,25.2969,24.7186
42.3417,36.5977,36.6263
39.4412,33.6266,33.6274
36.4525,30.6214,30.5896
33.4945,27.7001,27.6091
30.4472,24.829,24.5882
36.5453,37.1955,36.6826
33.6046,34.1819,33.7972
30.517,31.1963,30.6879
27.5681,28.2331,27.6989
24.559,25.3212,24.7601
35.9959,36.8776,36.3542
33.5773,34.4673,33.9408
30.5081,31.4146,30.8821
27.5794,28.5109,27.9653
24.4413,25.4125,24.8436
36.5006,37.0949,36.6844
33.5315,34.1231,33.7131
28.5537,29.183,28.7405
23.5673,24.3096,23.7591
18.6256,19.5544,18.8553
36.0996,36.1888,36.4031
33.1336,33.0015,33.2211
29.8871,29.9066,30.1077
26.8471,27.0017,27.2269
23.822,23.9824,24.231
36.3303,36.971,37.4096
32.7956,34.8149,34.5119
29.9436,31.034,32.4084
27.0947,26.5604,30.364
23.5064,23.1737,27.8624
30.8583,51.0493,54.4927
26.2395,47.3085,51.7967
22.6929,44.2656,49.2424
20.4546,41.8159,46.6973
18.9455,39.48,44.0814
33.8031,37.2298,36.6593
30.4303,35.5767,35.0412
26.1667,33.7369,33.2553
22.2352,33.2749,33.1166
18.9498,31.5408,33.3957
32.2335,40.4898,44.3495
28.6264,39.3912,42.8273
25.0421,37.4059,40.2987
22.2424,34.5127,36.3682
20.4255,27.8561,33.7395
33.7667,42.3054,46.3538
30.5252,41.4417,45.2517
27.3424,40.273,43.9196
24.2136,38.3749,41.8243
21.17,36.4854,39.5631
35.3526,44.5773,49.7124
30.0734,44.5547,49.6863
26.8835,44.3936,47.7215
24.7077,44.4015,49.5733
20.7263,43.8776,48.9673
32.8425,47.6866,50.0487
30.5727,45.279,49.6123
26.9417,43.5434,46.5994
23.685,43.3754,44.1097
20.7601,42.7982,46.783
32.2711,50.7733,56.9569
25.4637,46.9887,52.59
22.695,44.077,47.6061
21.7352,42.0268,46.4371
20.1809,39.96,44.1433
25.6173,41.6811,42.051
25.3413,37.1182,34.0829
25.4443,34.2787,32.3285
24.7901,40.676,31.8938
26.6043,28.3134,28.7511
32.5715,63.2694,73.5849
28.2805,51.543,56.2294
22.1272,48.8306,60.2261
18.7828,42.4356,49.8175
16.205,37.5656,48.7672
33.6214,43.456,51.502
29.5523,36.8121,45.5504
25.74,35.6324,45.6098
23.2711,30.4772,39.9698
19.7271,29.6786,39.5364
53.0164,33.536,42.7894
53.0042,30.5718,40.2165
53.2023,27.6239,37.319
53.1882,24.4639,34.4807
53.133,21.5648,31.5803
35.8453,37.703,36.141
32.8872,34.7268,33.1635
29.8798,31.7713,30.1604
26.854,28.7718,27.1898
23.8683,25.8237,24.2157
33.7744,42.3875,45.2576
30.6112,41.0494,44.3018
27.3434,39.7206,43.0171
24.2549,38.2185,41.3454
21.2085,35.952,38.8042
34.0599,40.9542,42.1157
30.7385,38.7433,39.5593
27.7829,36.5765,36.7441
24.7689,33.9921,33.0826
21.8241,31.1103,29.372
34.7976,37.2246,40.4592
31.1566,35.6789,39.3358
28.0388,34.3516,37.0181
25.3072,32.27,35.6598
20.5155,31.9291,35.4355
40.9188,36.7354,37.2009
36.078,31.8447,32.3058
33.0374,28.7926,29.2522
31.0472,26.7987,27.2571
28.3446,25.6636,25.6716
34.1235,40.8355,43.7656
30.6984,39.7405,42.7744
27.4459,38.6809,41.8612
24.2677,37.6192,40.9526
21.0869,36.5327,39.637
36.5492,37.1492,36.6821
33.5433,34.2049,33.6848
30.4938,31.1628,30.6305
27.5068,28.2117,27.6673
24.5624,25.2928,24.687
42.3918,36.6006,36.5511
39.5008,33.6353,33.5851
36.494,30.6427,30.5111
33.4907,27.7125,27.5357
30.5269,24.8358,24.5227
36.5115,37.169,36.6468
33.5682,34.2295,33.6979
30.4926,31.1876,30.6482
27.5239,28.2235,27.6924
24.5701,25.3132,24.7053
36.1027,37.4813,36.0778
33.3535,34.7434,33.3291
30.3294,31.7278,30.3166
27.338,28.7412,27.3411
24.4152,25.82,24.4475
36.4551,37.0625,36.6124
33.4786,34.0936,33.6386
28.5136,29.1672,28.6721
23.5748,24.3208,23.7373
18.6833,19.5446,18.8771
36.3227,36.1904,36.2215
31.5077,33.7134,34.4398
28.7229,30.8842,31.3446
25.772,27.7773,28.2739
22.6501,24.7502,25.2646
36.7926,37.1717,37.1754
33.5654,34.2159,33.9446
30.1637,30.4947,31.8738
27.3007,27.0023,29.0214
23.2966,24.5979,25.5362
35.488,50.9555,51.7125
30.7246,46.7761,47.5193
26.7339,42.4247,42.8914
23.7841,37.9014,37.7717
21.562,33.7887,33.0999
35.3497,39.4997,39.0019
32.5377,38.1382,37.5446
28.9833,36.3138,35.5556
25.3201,34.3574,33.6983
21.4934,28.8058,29.8848
34.7979,38.6146,38.3654
31.8504,36.6655,36.4166
28.5578,34.2083,33.6047
25.2461,30.8573,30.34
22.9392,27.1306,28.2359
34.1816,41.2761,42.0194
30.9012,39.0427,40.0199
27.7901,36.1891,36.6147
25.0278,32.8502,32.7896
22.0203,29.2959,29.2247
36.2242,43.0422,42.7664
38.7257,31.3325,42.6217
41.8409,42.9857,25.9025
24.1392,40.7694,42.1057
21.1761,32.7455,41.5228
32.9458,49.1791,48.9501
30.7508,44.9116,42.9333
27.152,41.4486,40.9452
24.6663,36.3256,32.1774
21.9158,39.3793,32.9062
33.1239,45.0077,44.5936
28.4073,41.6532,43.0959
25.5195,36.426,36.2938
24.025,34.5217,32.4829
22.3007,31.6011,30.686
25.9319,34.4713,34.2185
26.1262,31.7274,31.1226
26.3657,30.7517,29.6463
26.5616,30.3059,28.4691
30.247,32.0366,24.9104
32.581,57.8849,68.5651
28.1477,60.9949,60.9566
22.1511,45.7958,54.1767
18.6356,50.0089,47.6046
16.3325,36.3237,41.7487
34.3345,37.7705,41.1147
28.6713,31.9539,35.3845
26.3891,29.8821,33.244
22.3814,25.8571,29.4092
20.3924,23.8711,27.2821
53.1008,34.4057,37.6576
53.1498,31.3961,34.8159
53.0299,28.3929,31.7568
53.0092,25.4178,28.8261
52.9932,22.3917,25.815
35.9384,38.4391,35.5818
32.932,35.4784,32.5892
29.8989,32.4166,29.6296
26.9317,29.3895,26.6896
23.9,26.3141,23.6715
33.6969,43.1839,43.841
30.5382,41.3708,41.9015
27.4707,39.2223,39.5362
24.4428,36.2558,36.6219
21.5,32.4273,32.6536
34.295,40.8435,40.2559
31.1961,38.0658,37.3218
28.2809,35.1488,34.1272
25.4691,32.1064,30.5743
22.6428,28.8922,27.1452
35.9144,37.634,37.2457
32.945,34.8819,34.4011
29.9839,32.1116,31.1574
26.002,29.7063,29.3695
21.7817,27.9541,27.2656
40.9809,37.1975,36.7126
35.6917,31.8359,31.3535
32.262,29.3973,28.4567
30.292,28.4065,26.9777
24.3264,27.98,25.7616
33.9952,41.9121,42.2572
30.8982,39.6214,40.1349
27.8495,36.7962,37.1484
24.8512,33.531,33.1072
21.7303,30.1574,29.3585
36.7406,37.2917,36.8239
33.7823,34.3746,33.8996
30.7739,31.3948,30.9082
27.8439,28.5111,27.972
24.9419,25.6554,25.1056
42.3284,36.7056,36.6849
39.4482,33.7699,33.7361
36.4702,30.831,30.7148
33.485,28.0052,27.8028
30.4743,25.24,24.867
36.6714,37.2534,36.8698
33.798,34.3711,33.8682
30.7531,31.3088,30.9139
27.8414,28.4877,27.967
24.9053,25.698,25.0752
36.125,37.0871,36.3073
33.3464,34.3509,33.5338
30.4424,31.514,30.6461
27.5712,28.7221,27.8029
24.8438,26.1139,25.1101
36.6704,37.2147,36.7817
33.7249,34.2802,33.842
28.8268,29.4411,28.9546
24.0194,24.7947,24.1549
19.2536,20.3105,19.4698
34.9102,34.9786,35.2916
31.351,31.8962,31.9641
28.2056,28.7803,28.8609
25.199,25.8584,25.8781
22.1754,22.8932,22.9714
35.9191,37.8136,37.1871
32.9075,34.3599,33.4874
31.8849,33.038,30.6005
27.6381,30.3526,27.3626
23.0862,26.746,23.9976
39.1264,55.9691,52.6219
34.3757,53.18,48.5982
30.5075,50.4262,44.7331
27.4931,47.4636,41.0372
24.7051,44.0907,37.4969
37.3339,43.676,42.5333
35.1766,42.4759,41.2052
32.0894,40.6416,39.0281
27.894,39.0037,36.6683
21.3184,34.8686,31.2904
37.8265,45.5048,41.1199
35.3408,43.7466,39.4955
32.3258,40.3431,37.0037
29.0782,35.0144,33.1589
26.397,30.2317,28.1503
33.8496,44.4552,41.4896
30.8932,41.4192,38.5483
28.0021,37.507,35.1984
24.7683,34.8575,32.3777
21.8071,32.9963,27.5677
32.6429,50.8606,45.9512
30.2416,42.2411,45.2873
26.6307,50.1908,44.7126
24.8462,38.9442,31.585
21.6426,35.1641,34.7428
34.4475,49.9114,40.7954
30.7636,47.9025,37.4035
27.3756,47.4341,38.522
24.1385,44.8022,39.7097
21.253,36.8221,40.3609
32.7674,49.706,44.515
32.9251,50.5122,46.9937
29.8431,46.571,41.9613
28.8255,45.5875,40.7137
27.1092,41.5881,37.358
25.4561,41.712,38.5672
24.8783,37.6072,38.9849
24.2226,34.8834,41.6343
23.7563,46.5284,48.2457
25.2267,28.7635,43.3952
32.6142,63.1569,62.4586
28.5574,49.5047,47.2376
22.3749,54.5822,43.9784
19.0408,44.075,40.4721
16.8616,45.2115,37.2265
31.8432,46.6349,41.5573
31.0607,39.3102,34.4172
23.7511,39.1751,33.7658
25.2028,33.7325,28.3435
17.78,33.2071,27.7194
53.2566,38.6007,33.3218
53.3721,35.7766,30.281
53.1434,32.7749,27.2592
52.863,29.8363,24.2698
53.3683,26.8112,21.3017
36.4404,38.0154,36.1808
33.3054,35.1054,33.2477
30.2392,32.2385,30.2644
27.1257,29.3042,27.2744
24.0856,26.3531,24.3995
33.6328,44.7403,43.1968
30.4497,42.709,40.8541
27.5857,39.7346,37.6894
24.7206,35.8088,32.9998
21.8928,31.3866,29.1196
34.4893,41.2466,39.3551
31.6114,38.1107,35.8726
28.6269,35.2229,32.4998
25.4607,33.3589,29.8135
21.8251,32.7204,28.6049
35.9247,39.1489,36.3655
32.7295,36.8799,33.3545
29.2872,35.1358,30.5344
25.5045,33.3161,29.2546
22.7343,31.5954,26.5465
41.2612,36.5341,36.8668
36.2815,31.8285,32.0847
29.9659,29.9285,30.4108
28.2238,27.3936,27.9811
25.6929,25.9642,26.8463
33.7562,44.2253,41.334
30.7803,41.8217,38.5221
27.8453,38.1183,35.4628
24.8209,35.037,32.3517
21.5554,32.3722,30.0195
36.5109,37.1322,36.6639
33.541,34.1814,33.6998
30.508,31.089,30.6509
27.4989,28.1182,27.66
24.4681,25.1063,24.6515
42.3644,36.5673,36.5704
39.4868,33.5741,33.5829
36.4768,30.5239,30.5324
33.4961,27.5206,27.556
30.4828,24.5035,24.4984
36.52,37.1062,36.6868
33.5527,34.199,33.6894
30.4576,31.0517,30.6457
27.5269,28.1153,27.6476
24.4054,25.0753,24.6629
36.1736,37.1255,36.2561
33.4274,34.4024,33.5217
30.3716,31.384,30.4738
27.3715,28.4347,27.491
24.4978,25.5962,24.6413
36.4621,37.0415,36.6204
33.4857,34.0668,33.6494
28.5048,29.0838,28.6731
23.4806,24.0645,23.6491
18.433,19.0385,18.6175
37.0871,37.7904,37.1829
32.3878,35.273,35.0798
29.6834,32.4606,32.1806
26.5657,29.3809,28.965
23.633,26.2944,26.0473
36.1023,37.3543,38.0488
33.3661,34.066,34.1652
29.8445,31.3138,31.599
25.9838,27.6888,29.6923
23.7195,25.1784,26.4814
38.8117,55.9285,56.6624
33.9786,53.3489,54.3496
30.1987,50.7907,52.2691
27.7486,47.9732,49.9872
25.8863,44.7401,47.3639
37.0624,42.4881,41.9587
34.5948,41.3928,40.7399
31.5718,39.7854,39.1039
28.6372,37.8399,37.47
25.0164,34.0262,34.9724
37.4123,45.7417,47.5896
34.808,44.1974,45.8833
31.6644,40.8397,42.058
28.3429,34.623,35.6975
25.9295,30.4543,33.2553
33.3394,45.1256,46.7401
30.3989,42.4528,44.8371
27.2971,38.7458,40.6744
24.1896,35.7459,38.8018
22.3041,27.3916,33.2374
34.9689,41.7798,50.1135
31.7389,51.0287,50.382
26.8177,48.7219,52.3228
24.0161,48.8528,52.2802
22.0561,37.7251,35.5193
32.6597,50.0273,51.6638
30.1422,46.3937,44.5788
27.4449,37.5643,48.8311
24.0966,40.6668,48.2878
20.5904,43.4404,49.3756
32.8202,50.4324,52.9434
33.2593,54.1782,57.2698
30.8267,49.633,53.0787
29.2018,45.0682,49.5919
27.8228,43.5321,47.3838
28.933,44.3062,47.9319
27.0689,44.8414,48.2138
26.0603,45.649,48.7031
25.045,50.9783,51.0405
29.2246,28.3412,28.7117
32.5686,72.2245,84.6323
28.1693,55.6822,66.0248
22.1126,56.6197,70.9893
18.673,44.0409,55.8519
16.1074,43.8248,56.9675
35.8743,46.7326,50.8063
30.7029,41.3824,46.9051
27.9868,39.4659,45.0447
24.3859,35.1267,40.3497
21.9802,33.4308,39.1581
53.5729,34.0273,39.761
53.5043,30.9381,36.5785
53.5602,27.8968,33.5532
53.2552,24.9342,30.8384
50.1941,21.9963,27.3768
36.1491,37.2584,36.4224
33.1506,34.2647,33.4442
30.1953,31.268,30.4688
27.2154,28.2503,27.5117
24.2171,25.2502,24.5467
33.4682,44.8643,45.9074
30.3663,42.8609,44.0472
27.2757,40.0273,41.6419
24.2752,36.7687,38.5129
21.299,33.2799,34.9027
34.2536,41.1073,40.5979
31.4259,37.7788,36.9046
28.7294,34.3949,33.2115
26.226,30.9581,29.4433
22.035,31.6038,32.5644
34.0477,39.2877,41.9758
30.6589,37.3248,40.6024
27.2252,36.0172,39.2895
24.6526,33.6842,38.0517
21.753,30.5125,33.8614
41.0287,36.6252,36.9422
30.2885,35.3236,35.0933
26.3037,33.8533,32.4794
24.431,33.0766,31.0507
21.4107,32.338,35.8796
33.429,44.5056,45.9523
30.2144,42.596,44.4566
27.3253,39.132,41.2937
24.357,34.0457,37.4912
21.1786,30.8112,33.3473
36.5512,37.1893,36.7078
33.6496,34.3028,33.7572
30.653,31.3498,30.7477
27.7857,28.4996,27.9021
24.8242,25.5791,24.9737
42.3889,36.6607,36.5512
39.5153,33.7859,33.585
36.5639,30.8547,30.5818
33.6164,27.9563,27.6797
30.6254,25.0625,24.8003
36.5732,37.2073,36.646
33.6503,34.2523,33.7414
30.6063,31.3281,30.7431
27.7608,28.494,27.8949
24.8042,25.5817,24.9843
36.0784,36.9035,36.4355
33.5546,34.3981,33.9103
30.5683,31.4448,30.9241
27.6335,28.5545,27.9969
24.8236,25.7952,25.2287
36.4811,37.1067,36.6226
33.5637,34.2097,33.6902
28.7322,29.4168,28.8548
23.8391,24.5977,24.0249
18.8697,19.7767,19.1769
35.7401,35.9184,35.7951
32.2249,32.6181,32.3542
28.985,29.4487,29.3796
26.033,26.6399,26.48
23.0249,23.7035,23.5793
37.0008,37.4446,37.1053
33.3049,33.0501,32.8813
29.1388,31.4625,30.9814
25.7191,29.1404,29.7883
23.6203,28.6526,29.9668
38.3558,53.8653,55.164
33.6587,50.7871,52.3423
29.7352,48.1017,49.953
26.7223,45.661,47.897
24.2513,43.0787,45.6558
37.7524,42.3637,41.9689
35.4486,40.8103,40.4354
31.9798,38.6271,38.108
27.2336,36.7984,36.2256
21.4697,34.2396,33.9761
37.7361,44.0945,46.0183
34.9372,42.781,44.4629
31.3861,40.2855,41.0672
27.819,34.3912,36.3639
24.839,32.8504,34.6523
33.6009,43.3186,45.1979
30.4996,41.5413,43.0422
27.3671,39.0573,40.8933
24.1279,37.2576,39.3597
21.3091,32.7255,33.9192
34.5938,46.9533,49.0549
30.8666,48.3218,50.5708
26.9717,48.3239,50.5869
24.3072,46.8548,50.4357
21.09,37.8368,42.4057
33.6738,49.343,44.3698
30.2731,45.7966,40.4983
26.9747,46.5155,47.5656
23.9187,47.3914,40.4779
21.7788,45.4528,45.8123
32.9564,48.871,51.277
29.7918,47.1253,50.1136
27.7086,43.8583,47.5054
27.6939,43.1814,46.682
24.6409,40.5268,44.7835
26.7094,42.2281,46.8033
25.6059,42.2835,47.044
25.0434,42.402,47.6829
24.4604,43.8561,48.9175
28.8044,34.8294,25.7791
32.573,63.4807,68.8999
28.1386,63.5104,64.4734
22.5971,46.0482,44.9529
18.5973,53.6034,55.5976
17.1704,41.5076,41.7212
33.9325,49.661,51.472
28.2863,44.2111,46.2717
25.9618,43.0921,45.6149
22.3626,37.8464,39.5433
19.9675,37.0312,39.8227
52.3928,34.3256,37.1465
53.9324,31.4149,34.2558
52.8331,28.579,31.4211
52.2561,25.5534,28.2235
52.0731,25.2107,27.9819
36.1941,37.3484,36.3506
33.2561,34.3314,33.3309
30.2947,31.3917,30.3851
27.2959,28.4014,27.351
24.2782,25.3571,24.3678
33.6441,43.4085,44.292
30.4362,41.1167,42.362
27.4418,38.8588,39.9498
24.3629,36.2374,37.1029
21.3025,33.4317,34.4232
34.3375,41.0296,40.1326
31.4168,38.1252,36.8755
28.5677,35.1146,33.5891
25.6633,32.1573,30.4755
22.2298,30.7582,28.5303
34.9621,38.4403,41.1307
31.0545,37.2504,40.0035
28.1734,34.2387,37.2123
24.0747,34.192,36.9647
21.1896,34.1933,36.5572
41.4534,36.479,37.1248
36.5967,31.619,32.1993
28.8525,30.4749,30.5803
25.8858,29.935,30.3881
22.7994,28.3746,29.0527
33.4936,42.5307,43.9341
30.4777,41.0311,42.5056
27.3196,39.0398,40.7508
24.222,36.7879,38.3763
21.0303,34.6042,36.5519
36.5277,37.169,36.6962
33.5798,34.2423,33.7531
30.5144,31.2288,30.6986
27.5667,28.3549,27.7395
24.6015,25.4397,24.8013
42.3689,36.6378,36.5649
39.4792,33.7,33.6203
36.4667,30.7506,30.5476
33.5125,27.8969,27.6203
30.5348,25.0954,24.6395
36.51,37.2053,36.6898
33.5596,34.2739,33.7186
30.4832,31.2156,30.7023
27.5087,28.3368,27.7598
24.6048,25.4656,24.8067
36.1256,37.2527,36.3682
33.1993,34.3722,33.4534
30.1925,31.4274,30.4662
27.2264,28.5371,27.5174
24.3278,25.7288,24.6477
36.4736,37.094,36.6424
33.5024,34.1499,33.6749
28.5594,29.282,28.7372
23.6542,24.526,23.8423
18.8726,19.9458,19.1116
35.8194,35.3477,36.0674
30.3154,35.2284,34.72
27.4494,31.8858,31.7116
24.4604,28.9192,28.6958
21.3553,25.9315,25.7154
36.4703,37.6346,37.5328
33.2841,34.469,34.3831
29.3414,31.4674,31.3562
27.4298,28.2717,29.099
24.1585,25.0862,26.5089
35.1696,51.4865,53.0748
30.496,47.7396,49.697
26.6069,44.4191,46.3231
23.6942,41.5116,42.9098
21.5085,38.3573,39.324
35.626,39.7456,39.1347
32.8356,38.3274,37.5261
28.9451,36.6435,35.6912
24.9731,35.2181,34.2964
20.6503,31.7992,32.0051
35.2187,40.2623,41.1959
32.1807,38.9819,39.6533
28.6221,36.4724,36.8884
25.1873,32.8552,33.5119
22.9369,29.8535,30.5755
33.9456,41.8352,43.588
30.672,40.3199,41.566
27.8332,37.6005,38.0696
24.5069,34.9704,35.9069
21.3142,32.3327,32.6499
32.8801,44.4876,46.2691
31.5032,44.0693,47.0002
27.5978,34.5439,40.7539
24.117,44.1213,46.4705
20.917,42.5214,45.3337
32.7411,50.6203,48.72
29.0824,42.0335,48.3885
27.1965,39.9174,44.3809
24.2293,38.3476,37.921
21.3848,37.6973,32.5286
32.9144,49.7194,50.3138
28.6053,46.1331,48.1484
25.6829,42.7182,42.6828
24.5657,38.6696,39.79
22.3721,36.9334,37.4955
24.3956,38.2632,37.1402
24.4501,36.0201,33.1064
24.8203,38.9782,31.8983
24.4444,39.7281,31.6744
25.4771,37.9536,28.7922
32.5843,59.8244,69.0775
28.193,58.4907,55.6021
22.2162,44.3206,53.3799
18.6662,49.1452,45.1922
16.5416,34.8129,42.9517
35.6997,43.029,44.4732
31.2903,37.3009,38.6756
27.7417,35.2563,36.7239
24.9624,30.7912,32.048
21.73,29.2836,30.7754
53.0024,34.9751,36.3933
53.1209,31.9189,33.4056
53.1711,28.9581,30.4114
53.1519,25.9882,27.4469
53.237,22.9751,24.5273
35.9977,38.3682,35.6663
33.0437,35.4379,32.6903
30.0161,32.4352,29.7173
27.0513,29.4457,26.7239
24.0159,26.4467,23.7752
33.6506,42.9406,43.6939
30.5689,41.1368,42.1277
27.4943,38.9566,39.9573
24.4518,36.0968,36.7893
21.4738,32.468,32.8675
34.2651,40.7764,40.3623
31.2005,38.0295,37.42
28.2373,35.4146,34.1512
25.2702,32.8272,30.8211
22.1305,30.6717,28.3475
35.8682,37.9513,36.9916
32.2308,35.3807,35.1486
28.4594,34.2164,33.2953
25.5801,31.0303,31.624
22.1485,29.3704,28.5851
41.198,36.5142,36.9869
36.3065,31.5597,32.0339
33.5153,28.7517,29.231
30.892,27.4922,27.4717
25.0951,27.465,26.4926
34.2183,41.1725,41.9499
30.8133,39.5624,40.1174
27.6335,37.7505,38.1332
24.4828,35.5227,35.8545
21.1487,32.8151,32.9799
36.5003,37.1525,36.6789
33.5602,34.1612,33.7309
30.5357,31.1178,30.6792
27.5468,28.1469,27.7647
24.5318,25.1644,24.7651
42.3714,36.5933,36.5932
39.4752,33.5849,33.6417
36.479,30.5399,30.5991
33.5115,27.5904,27.6477
30.5233,24.6232,24.6708
36.5275,37.1528,36.6699
33.5683,34.1604,33.7708
30.5032,31.114,30.7049
27.5421,28.1528,27.7359
24.5638,25.2196,24.7751
36.2097,37.2634,36.3694
32.5347,33.5674,32.7214
29.5988,30.6071,29.8113
27.3338,28.3199,27.5743
23.8575,24.832,24.169
36.4667,37.0479,36.6497
33.4946,34.0808,33.6861
28.5363,29.1301,28.7448
23.5756,24.1882,23.8072
18.6325,19.2628,18.9061
36.2186,36.7819,36.1863
33.105,33.5382,33.1008
29.9431,30.6841,29.9952
27.0562,27.7039,27.1572
23.8592,24.7692,24.0467
36.5443,37.7435,37.2527
33.3794,33.8682,33.5858
30.5399,31.7652,30.8661
27.2876,27.3018,29.0369
24.2246,24.2945,26.1434
34.1564,53.7192,54.0443
29.1031,50.5254,50.9951
24.8375,47.1441,48.1032
21.7209,43.7588,45.1905
19.4758,40.558,41.892
36.4376,41.4223,40.8622
34.0161,40.1768,39.4763
30.9554,38.1997,37.4872
27.353,35.3831,35.1084
22.3528,31.525,32.2128
36.1053,42.6675,43.791
33.2533,41.2027,42.2872
29.476,38.5325,39.2791
25.6798,34.1432,34.6933
23.0119,30.0443,29.5753
33.6852,43.0639,44.8221
30.4843,41.3637,42.7835
27.3372,39.9753,40.8489
24.2563,37.421,38.2689
21.2532,34.4766,34.9705
33.9963,47.756,48.9323
29.5704,47.473,48.8063
28.4128,34.9932,48.3902
24.7246,45.9636,35.3804
21.3264,45.8823,45.8512
32.7899,50.2635,48.6152
31.683,49.6547,49.8327
27.2775,43.5446,44.4154
24.2261,41.3974,41.4504
21.4657,43.0295,42.3525
32.9239,51.8569,52.4355
29.7077,49.9255,50.2747
26.8527,47.3295,47.1355
25.0896,43.0107,43.2584
23.2987,40.6266,39.2418
24.9869,39.2108,40.206
24.8467,34.9552,34.9807
24.9343,39.898,32.0895
24.6466,39.8302,31.6086
26.0531,25.5329,36.5565
32.5711,63.4838,72.8191
28.2121,57.6844,49.845
22.1288,50.4459,59.1714
18.793,44.0059,38.5074
16.1822,39.3446,49.2503
33.4087,43.1529,46.7104
28.2134,37.7094,39.6871
25.4717,35.3526,39.3103
22.2256,31.8183,33.7362
19.4639,29.2985,33.245
52.9642,34.3528,38.0895
53.0753,31.2849,35.251
53.1698,28.2064,32.3433
52.9577,25.3059,29.1463
53.2401,22.2281,26.3191
36.0845,37.6648,36.0241
33.0838,34.6832,33.0547
30.1111,31.6846,30.136
27.1127,28.6157,27.1751
24.1011,25.556,24.2774
33.5362,44.2549,44.038
30.4155,42.257,42.2966
27.4353,39.7017,39.9796
24.331,36.6246,37.1785
21.2266,33.5699,34.2997
34.1521,41.2382,40.5207
31.236,38.383,37.466
28.3534,34.8843,34.0584
25.6467,31.7132,30.4328
22.5164,28.8159,27.6389
35.5071,38.3023,38.0939
32.3207,35.3364,35.534
28.543,34.299,34.2843
24.8884,32.6645,32.5472
21.0597,30.5164,31.0385
40.8163,36.7891,36.6774
35.9056,31.8218,31.7174
33.025,28.9279,28.8235
30.8326,26.7356,26.627
28.0943,26.049,25.1356
33.7657,42.2068,43.0472
30.7441,40.3813,40.9726
27.544,38.5403,38.5963
24.3726,36.3618,36.059
21.3944,34.7999,34.0889
37.266,37.509,38.1503
34.2894,34.6468,35.2255
31.3107,31.6841,32.242
28.3417,28.8778,29.3108
25.4051,26.1019,26.3858
41.9122,36.8164,38.096
38.9889,33.9194,35.1801
35.9231,31.0117,32.147
32.8989,28.2604,29.2172
29.8321,25.4941,26.2484
37.2858,37.4508,38.1336
34.3247,34.6289,35.2005
31.2947,31.6994,32.2402
28.3457,28.8832,29.2567
25.43,26.054,26.4686
36.0905,36.9722,36.3886
33.2214,34.141,33.5391
30.2824,31.2503,30.6335
27.4093,28.4549,27.8151
24.6339,25.7905,25.134
37.213,37.4377,38.1049
34.2617,34.5554,35.1773
29.3432,29.8105,30.3096
24.4032,25.1811,25.4675
19.3502,20.5952,20.6038
33.6555,34.3717,33.9619
28.2398,34.8565,34.9719
25.0191,31.9421,31.8895
21.9348,28.9792,28.9174
18.9225,25.9221,26.011
33.6426,36.0434,39.2525
29.8788,33.4094,35.6105
31.7401,32.2406,34.2979
28.8964,28.9014,32.8021
21.766,25.4985,29.5897
36.6371,52.294,55.0199
31.7434,48.8576,51.9449
27.6765,45.7666,49.174
24.5842,42.7079,46.4527
21.9012,39.1688,43.311
37.8456,41.6927,43.1075
35.0533,39.9855,41.4185
30.673,37.2564,39.0767
24.993,34.8326,37.1232
18.7507,31.4081,34.5178
38.441,42.0732,45.1426
35.4262,40.7175,43.6133
31.7454,38.1466,40.597
28.2593,33.1434,36.1741
25.7805,29.1046,33.4129
33.9477,41.3137,44.5329
30.6203,39.8787,42.9785
27.7454,36.1368,39.2874
24.4672,33.4884,37.4835
21.4127,31.6973,32.713
33.332,45.6737,49.9844
52.8391,32.0194,49.6223
27.5777,44.8883,47.3197
24.6605,44.6133,37.6202
21.0433,35.7493,37.0533
37.6874,45.6994,33.5545
30.4004,42.8923,47.0393
27.131,43.6733,48.0694
23.4931,39.7052,36.9683
21.5148,36.1757,41.4785
33.0127,47.1973,50.0534
29.312,46.5094,49.7342
26.7303,40.9603,44.5147
25.6544,37.9599,42.4481
23.66,36.4972,41.4553
23.0039,42.2819,47.8335
22.9743,43.8292,49.0191
23.273,44.3707,49.3805
23.3884,45.2722,51.112
23.8079,28.7414,43.9231
32.5722,63.2306,72.4455
30.8175,38.7758,45.4272
22.185,48.4438,57.0425
21.5298,30.7733,38.5645
16.3427,39.7078,49.4498
29.5443,43.0331,49.2805
26.5469,35.4328,42.3612
21.4341,35.0003,41.9523
21.247,29.9211,37.6757
15.423,29.0171,35.9568
52.6272,33.7532,40.4359
52.596,30.6601,37.7795
54.1741,27.6715,34.6646
52.3683,24.7074,31.5993
53.0228,21.713,28.8022
36.0018,36.713,37.6121
32.9025,33.8528,34.6218
29.8712,31.0134,31.6124
26.7752,28.2576,28.6169
23.6369,25.4657,25.5851
34.2524,40.7816,44.2208
30.7499,39.1332,42.4492
27.5775,37.3509,40.0782
24.5371,34.6933,36.889
21.4831,30.7462,33.1367
34.188,39.6827,41.3271
31.0116,37.0278,38.347
27.8321,34.5316,35.3357
24.5338,32.5179,33.1211
21.3653,30.9293,31.3389
34.9855,37.8555,40.5146
31.8146,35.0014,39.228
28.568,32.2864,37.1549
24.8473,30.6986,35.6845
21.6278,29.1494,34.5584
41.4837,36.2843,36.7924
36.5226,31.2743,31.789
32.8221,28.9985,29.0584
27.7496,28.6352,28.4677
24.066,26.9317,26.6227
34.1478,41.8792,43.2638
30.7321,39.5061,41.2674
27.5843,36.9484,39.2618
24.5358,33.706,36.7969
21.5604,30.1242,34.222
36.5687,37.152,36.7293
33.5844,34.1645,33.7724
30.5313,31.1048,30.7126
27.5392,28.1471,27.7058
24.5349,25.1499,24.7339
42.3774,36.5741,36.6156
39.482,33.5884,33.6485
36.4564,30.5223,30.6058
33.5088,27.5422,27.5769
30.4672,24.6088,24.5491
36.5311,37.1513,36.7779
33.5648,34.0918,33.7393
30.5795,31.1522,30.6968
27.5454,28.157,27.7249
24.4883,25.1474,24.7125
36.1397,37.1229,36.3794
33.2067,34.2036,33.4518
30.1965,31.209,30.4464
27.1381,28.1762,27.3959
24.2977,25.3693,24.5699
36.4921,37.0458,36.6757
33.5164,34.0764,33.7058
28.5361,29.1097,28.725
23.5285,24.1411,23.717
18.4981,19.2017,18.6981
36.5963,37.2063,36.8963
33.4466,33.9619,33.6978
30.4385,30.9479,30.6927
27.2584,27.8314,27.6007
24.3117,24.8895,24.6827
37.0472,37.8554,36.4922
33.4143,33.8945,33.9285
31.3027,32.5522,30.0975
27.4254,28.7566,26.9878
25.4224,26.2716,25.2221
34.8655,52.9702,54.2272
30.0455,49.5696,51.2753
26.1298,46.4908,48.3943
23.3882,43.6578,45.2004
21.2913,40.6187,41.4983
36.3857,39.6171,39.2246
33.5531,38.0076,37.5557
29.5274,36.3899,35.8533
25.4956,34.9725,34.6418
21.6836,32.4372,32.8381
35.1651,41.9954,43.7722
32.1077,40.6442,42.1785
28.7676,37.9044,39.2345
25.4635,33.9491,34.3933
23.056,28.4949,28.2224
33.8378,42.542,45.3084
30.5749,41.337,43.3983
27.4815,38.967,41.2543
24.4294,36.0699,37.37
21.1946,33.8168,34.2206
33.0226,46.5791,49.0542
32.1746,34.8963,48.9358
27.3496,46.5232,49.0185
23.9599,46.1569,47.5134
20.838,45.4786,47.2147
33.2924,46.6194,45.9753
30.0948,45.5429,49.6494
27.3692,41.0996,46.18
23.8539,39.1991,42.5414
21.1059,41.7576,41.0659
32.8701,52.5587,54.515
28.3273,50.3955,54.9113
25.6092,45.6185,50.446
23.8891,42.3326,43.7255
22.0537,39.8724,41.7227
25.0888,42.349,41.3864
24.7591,41.4633,35.3981
24.9109,39.8668,32.1804
24.5795,39.8949,31.6903
26.9636,26.9557,31.9809
32.567,70.7852,80.385
28.2559,50.1471,56.4739
22.1193,54.7458,62.261
18.7311,40.3138,48.9005
16.1863,43.8268,48.0641
34.8269,45.1647,45.8574
30.1522,38.6822,40.1173
26.9296,37.6186,38.5104
23.7462,32.0498,33.3095
20.924,31.6344,32.4541
53.0469,35.12,35.9752
53.0744,32.2119,33.0235
52.9012,29.1676,29.9327
52.7691,26.0324,26.9571
52.7753,23.1635,24.0107
36.2929,37.0714,36.603
33.3106,34.0815,33.6566
30.3265,31.1236,30.6883
27.3143,28.0982,27.7041
24.3047,25.1254,24.7011
33.6329,43.214,44.7278
30.4525,41.5952,43.3951
27.3811,39.5998,41.5708
24.3835,36.8466,38.7595
21.3632,33.2746,35.1785
34.2699,40.7275,40.8824
31.1705,38.0936,37.9001
28.2389,35.1657,34.5048
25.4881,32.1366,30.8607
22.5493,29.0351,27.2724
34.9287,38.4728,38.5918
31.8078,36.2057,36.7027
28.1693,33.9929,34.6815
24.9046,31.9106,32.3444
22.2678,30.8737,31.3377
41.1647,36.6207,36.9235
36.2722,31.6735,31.9809
32.9111,29.3073,29.2959
30.372,27.6394,27.3085
23.1564,29.2645,28.2709
33.8945,41.8937,43.8596
30.6604,40.4171,42.1517
27.4382,38.6508,39.8715
24.2574,36.7401,37.4338
21.2099,34.1503,33.5517
36.5424,37.1234,36.7507
33.5759,34.136,33.7803
30.5333,31.1258,30.7306
27.5013,28.1427,27.7149
24.5109,25.1337,24.6912
42.3336,36.5507,36.6869
39.4445,33.5635,33.6852
36.4475,30.4966,30.6324
33.4813,27.5311,27.6312
30.4555,24.6025,24.5884
36.5452,37.1489,36.754
33.5373,34.2048,33.8082
30.5182,31.1039,30.698
27.5293,28.0896,27.7513
24.5375,25.1463,24.6726
36.1274,36.8428,36.4973
33.4868,34.2141,33.8569
30.412,31.1572,30.7797
27.4059,28.1902,27.7698
24.5104,25.348,24.869
36.4882,37.052,36.6882
33.5105,34.0754,33.7193
28.5287,29.0973,28.7385
23.522,24.142,23.7241
18.5609,19.322,18.7464
36.4332,36.8411,36.7122
31.9267,35.1194,34.6483
28.8499,32.1554,31.4848
25.968,28.8395,28.6273
22.9662,25.891,25.5747
36.8487,37.0458,37.0268
33.3736,34.2964,34.1234
30.731,31.3504,31.5886
27.8492,29.0137,29.0589
25.3032,25.6784,25.5918
36.3777,52.5261,50.5413
31.5745,48.9413,46.4214
27.6867,45.56,42.9411
24.9716,42.4514,40.1381
22.9602,39.3368,37.3449
35.7918,40.7542,40.0836
33.0568,39.6893,38.7431
29.8641,38.2779,37.0065
26.9053,36.0897,34.7616
23.0396,32.1194,31.4596
35.5927,41.2244,40.0731
32.888,39.9189,38.7464
29.7879,37.3215,36.245
26.5623,33.5724,32.5421
24.4388,28.3335,29.2558
33.9992,42.4462,42.0729
30.7703,40.2963,39.764
27.812,37.5533,36.7849
24.7034,34.6261,33.5673
21.5902,32.7171,30.5749
52.5887,34.5063,44.0772
30.7197,46.1751,44.1408
27.6766,46.088,43.9478
23.8596,45.3935,42.3356
20.728,44.7014,40.7953
33.5812,49.3483,47.7449
30.7838,44.7626,37.7147
27.5159,39.8605,39.4812
24.2937,42.5721,36.1894
22.4651,38.6384,24.4922
32.904,48.0437,46.2206
30.6201,48.6189,46.5974
27.9171,43.868,42.239
25.8476,40.4988,38.3262
24.6176,38.6184,36.126
26.4033,42.0457,37.4099
26.1023,40.4034,33.2156
25.6621,39.7862,32.0911
26.117,37.5948,28.7922
28.3618,27.8706,28.2668
32.5683,71.7168,75.7139
28.2983,53.9086,46.2047
22.1151,58.606,61.9782
18.7879,42.909,37.3164
16.1218,45.8008,49.6962
34.6026,43.0927,43.225
30.0036,38.0917,36.6656
26.6329,35.3056,35.3736
23.4493,31.198,30.7192
20.6065,29.3231,29.3965
53.1953,35.4996,35.51
53.2501,32.5219,32.5908
53.2672,29.5574,29.5878
53.0014,26.5172,26.5649
53.4181,23.4424,23.5628
36.1922,37.7109,36.0479
33.2435,34.6931,33.0509
30.3023,31.771,30.1284
27.2847,28.7677,27.1133
24.3248,25.7727,24.1509
33.7192,43.5201,42.643
30.7017,41.8247,40.7744
27.6055,39.404,38.2186
24.5964,35.8684,34.7812
21.6769,32.0657,31.2067
34.3708,40.9106,39.7583
31.3424,38.1962,36.7838
28.5269,34.9418,33.4826
25.7489,31.6003,29.8144
22.7923,28.9834,26.5609
35.5432,38.346,37.3786
32.1312,36.2192,34.7426
29.005,34.2443,32.1614
25.4574,32.4428,30.209
22.571,28.698,27.3557
41.2772,36.5708,37.3684
36.2197,31.4555,32.2624
32.501,29.1655,29.5567
27.0198,29.2187,29.4335
23.245,28.8196,27.6624
34.231,41.7786,40.8656
30.8961,39.8638,38.9387
27.7761,37.8805,36.807
24.6347,35.4882,34.0848
21.5365,31.8905,30.3183
36.552,37.2027,36.738
33.5611,34.2302,33.7428
30.5138,31.1972,30.7025
27.5339,28.2054,27.7224
24.5371,25.2617,24.7674
42.37,36.6004,36.6259
39.457,33.659,33.6197
36.4861,30.6114,30.5984
33.5002,27.7097,27.6502
30.4621,24.8026,24.6694
36.5592,37.1956,36.7242
33.6014,34.2339,33.7239
30.5587,31.1868,30.7238
27.5348,28.1601,27.7351
24.5523,25.2592,24.8102
36.2856,36.6247,36.644
33.3242,33.6959,33.7119
30.4456,30.8664,30.8754
27.6283,28.1534,28.127
25.017,25.688,25.5882
36.4786,37.1038,36.6711
33.5069,34.1376,33.7074
28.5339,29.1809,28.7485
23.5619,24.2718,23.7933
18.6363,19.5132,18.8796
36.3874,36.1729,36.1932
33.0634,32.932,33.1148
30.0563,30.0133,30.0908
26.9937,26.9805,27.0804
23.9442,24.044,24.0948
36.6472,37.5672,36.9482
33.26,34.1002,33.8004
30.0681,31.8608,31.1377
27.1021,27.7118,29.0318
24.1112,25.754,25.6588
39.8815,53.321,53.042
34.9924,49.5798,49.2996
30.6566,46.0616,45.7413
27.188,42.5427,42.2611
24.5447,38.5828,38.5027
39.1871,43.58,43.4017
37.1949,41.8611,41.6814
34.1978,38.9432,39.0461
30.3058,35.7795,36.0274
24.3538,29.4708,30.8149
39.6287,43.6725,43.5207
37.1855,41.678,41.5386
33.7373,38.1881,38.1426
29.6281,33.2675,33.5519
26.3397,28.9302,29.1872
34.035,41.7305,42.1444
31.1426,38.5159,38.7038
28.4156,35.2057,35.2632
25.3261,32.1341,33.0446
22.3758,29.8171,29.2555
38.7491,48.8085,34.5216
43.4225,30.1592,48.2718
27.2416,46.5224,47.2154
24.3883,41.9772,33.0358
21.8845,29.6486,30.5889
33.1363,47.8216,49.3486
31.201,36.8163,42.4059
27.124,46.0656,41.0733
24.4776,36.9613,34.1806
22.3402,40.4558,41.6266
33.1717,46.8216,48.6754
32.5644,48.1322,48.7717
30.7857,45.3055,44.9117
28.0755,40.4659,42.5695
26.4826,37.6865,38.6839
24.4296,36.3455,38.5904
24.1846,36.7886,36.902
24.1908,37.6623,34.6533
23.926,38.7468,44.3136
25.6507,32.3444,30.331
32.5925,54.4086,66.9021
28.249,55.6861,49.9508
22.1451,43.0183,58.3294
18.8075,45.7053,38.8932
16.1642,35.7957,50.4547
34.0782,38.236,39.9495
29.0719,34.3314,34.5023
26.1473,30.3924,32.1277
22.9,28.2259,28.1082
20.1309,24.3908,26.1322
53.1158,34.9783,36.7006
53.1242,31.9957,33.713
53.2077,28.976,30.6952
53.271,25.9912,27.7358
53.1432,23.0022,24.7123
35.996,37.9222,35.9446
32.9747,34.9125,32.975
29.9405,31.9322,29.965
26.9016,28.9131,27.0078
23.8583,25.9572,24.0423
33.7484,43.1322,42.9727
30.6546,40.1955,40.1912
27.8562,36.5973,36.8374
25.1352,33.3644,33.0464
22.2174,29.8551,29.9849
34.8997,39.8588,38.6735
32.1854,36.7088,35.5577
29.405,33.6859,32.2075
26.4913,30.9952,28.9993
23.285,28.064,26.9881
36.169,37.4575,37.5954
33.0094,34.8125,34.7604
29.2566,32.3507,32.1663
26.3373,30.5127,29.0265
23.0186,26.6662,26.6174
42.0427,35.954,36.8164
36.7194,31.4,32.1247
30.053,29.5638,30.5343
28.0193,27.7527,28.1708
25.034,26.165,26.7248
34.07,42.1817,41.7938
30.8996,39.7614,39.4493
27.8321,37.2372,36.8279
24.7282,33.7123,33.9685
22.3086,29.2556,29.6208
36.5292,37.1427,36.716
33.5734,34.1689,33.7322
30.4844,31.0995,30.6716
27.4781,28.1212,27.6718
24.4421,25.1101,24.628
42.3714,36.5631,36.6109
39.4729,33.5736,33.6052
36.4277,30.5209,30.5682
33.4649,27.5223,27.5521
30.4518,24.552,24.5095
36.5237,37.1008,36.7221
33.5495,34.1033,33.7448
30.504,31.0906,30.6283
27.5539,28.124,27.6921
24.5249,25.0648,24.6304
36.1125,36.8268,36.6645
33.3407,34.1103,33.9053
30.3601,31.1891,30.928
27.3532,28.2623,27.9349
24.4901,25.4866,25.0917
36.4706,37.0637,36.6482
33.4906,34.0856,33.6717
28.5007,29.0954,28.68
23.4715,24.096,23.6464
18.4875,19.2034,18.659
36.931,37.08,37.0561
32.1364,35.3637,34.9989
29.2593,32.3305,32.0883
26.2064,29.2307,28.9696
23.1354,26.3102,25.9624
36.9349,37.7,37.2082
33.5449,33.6609,33.6984
30.0769,30.0849,31.3243
27.0161,27.6345,30.004
23.5193,26.3744,28.2227
35.7788,51.9343,50.6825
31.0025,48.2246,46.7647
27.1264,45.1274,43.506
24.4349,42.5043,40.9848
22.4351,39.8894,38.9548
36.741,41.1172,40.7168
33.9712,39.5516,39.0983
30.2572,37.32,36.8776
26.4406,35.6708,35.0081
22.5221,33.3619,33.2844
36.2687,41.6918,41.4238
33.2094,40.4318,40.191
29.5343,38.1388,37.8253
26.0498,33.2384,33.9937
23.6157,29.6088,32.2403
33.9419,42.488,42.9622
30.7491,40.7081,40.9155
27.6169,38.6666,38.2824
24.5479,35.9469,35.9586
21.2763,33.8942,34.3493
37.3787,39.1458,36.351
29.9579,45.6464,45.0802
27.8171,45.6072,45.0385
24.4418,45.5001,45.0103
21.0227,45.0597,43.8728
32.6835,49.3603,50.5936
30.0634,51.0583,51.3453
27.5981,42.7211,43.7002
24.3813,43.5006,39.7224
21.1245,43.1286,38.3067
32.9447,49.5084,47.9632
28.8952,46.2457,44.862
26.531,42.6171,42.7371
24.8051,40.5413,40.8955
23.4235,38.6673,39.985
29.4223,50.8611,49.9364
27.4136,51.5828,50.2315
26.2496,53.0457,51.5599
25.2536,55.2374,53.3679
29.5034,25.8093,41.3549
32.5625,77.4875,84.7321
28.2089,54.6792,56.1407
22.1099,64.5657,77.7022
18.6737,45.933,47.3254
16.0994,50.673,59.7789
36.318,47.0043,49.853
31.8277,40.9738,43.8764
28.4554,39.8295,43.1946
25.009,34.6417,37.7564
22.4339,33.8085,37.1787
53.1794,34.4395,37.7423
52.689,31.3376,34.6541
53.1793,28.2788,31.6761
53.206,25.3922,28.9311
52.0863,22.3878,25.8076
36.1064,37.5631,36.2357
33.1178,34.584,33.2049
30.1672,31.6177,30.2291
27.1449,28.6414,27.2613
24.1117,25.6189,24.26
33.8533,42.6295,43.1652
30.6326,40.864,40.9882
27.6234,38.9009,38.9902
24.4969,36.0937,35.9705
21.4587,33.1856,32.8956
34.3068,40.9405,40.3222
31.378,38.1891,37.2698
28.4496,35.077,33.8567
25.6385,31.7563,30.1391
22.8407,29.1948,26.9459
35.4922,38.5178,37.4841
32.0451,36.4772,35.8101
28.2263,34.482,34.6796
23.5717,32.8671,33.3392
21.0423,32.7016,33.3263
41.671,36.0819,37.3596
36.5964,30.9349,32.2181
33.262,28.7303,29.8858
30.5289,27.0032,28.0023
23.0562,28.8536,28.8331
34.3176,41.3223,40.7639
30.9002,39.9265,39.2411
27.7362,38.4906,37.9093
24.2306,36.7439,36.3798
21.1159,33.2197,34.0476
36.8793,37.8524,37.2886
33.9683,34.9167,34.3188
30.9149,31.8968,31.2959
27.9629,28.941,28.3339
24.9412,25.9804,25.4004
42.0513,37.2569,37.1676
39.1206,34.286,34.2312
36.0863,31.2726,31.1701
33.1299,28.3399,28.2269
30.123,25.3691,25.2478
36.877,37.8073,37.2098
33.9224,34.9165,34.3664
30.9289,31.8554,31.3159
27.9951,28.9874,28.4011
24.9914,25.9878,25.3973
36.3641,37.638,37.0335
33.2425,34.5339,33.9489
30.2587,31.5882,31.0421
27.1879,28.5793,28.0866
24.0912,25.5701,25.1379
36.8538,37.7748,37.2325
33.8963,34.8195,34.2783
28.951,29.894,29.3478
23.9755,24.9733,24.4202
18.9598,20.0523,19.514
34.6396,35.6513,34.952
31.4496,32.1913,31.8043
28.5387,29.0212,28.8106
25.4374,26.0924,25.8479
22.4021,23.1897,22.8617
36.1903,38.3361,39.6318
33.2117,34.4474,36.2739
30.4933,31.9408,31.9578
27.3474,29.1634,30.5426
24.0155,25.0565,27.8887
23.913,36.8067,36.8558
19.2231,31.9694,32.0143
16.1704,28.9328,28.8887
14.6647,27.4358,27.4107
13.7886,26.7898,26.4648
40.5052,43.6879,43.3125
36.9224,40.8218,40.3968
31.5541,37.0673,36.4159
23.9577,34.327,33.638
18.2066,30.2296,29.8218
33.2713,29.3803,30.5849
30.0611,29.0243,30.1247
24.9556,28.2108,29.0366
20.8158,26.9137,27.6145
17.8693,25.6249,25.7106
36.5382,38.3315,39.3974
33.5606,35.2279,37.3908
29.3427,33.0261,34.5559
26.2903,30.5786,32.6635
22.695,28.7492,30.363
36.0151,28.7651,31.0124
28.5166,29.6076,31.0001
26.3447,29.5617,30.889
23.0548,28.8775,30.5536
20.0113,29.3281,30.2497
33.5868,41.4392,41.9566
35.8941,33.0173,39.4734
27.5972,43.8483,35.5476
26.0896,33.2679,29.5767
21.2957,34.6471,36.7078
32.797,47.682,46.3769
25.6269,41.7723,37.8505
23.9591,40.7325,36.8164
23.382,38.6615,36.4382
21.4459,34.6295,33.2922
20.773,35.5893,34.8026
21.4795,35.9882,33.8527
21.698,41.2563,33.3677
22.5853,39.7875,31.2044
26.2128,27.5639,29.8536
33.3282,71.5486,74.1915
28.6109,44.4655,44.4436
22.9804,57.1116,59.1267
19.1566,34.9597,34.3001
17.1351,48.8584,50.3778
30.8361,41.6828,40.6059
29.663,37.0053,36.3944
22.9449,33.4238,32.9145
23.9283,32.0409,30.3235
16.9399,27.5345,26.896
54.568,36.3089,35.7981
52.943,33.3332,32.8097
53.5769,30.2212,29.6816
55.1337,27.3123,26.5964
54.5216,24.2228,23.6841
36.7582,37.1243,36.6062
33.7623,34.1525,33.699
30.7248,31.1662,30.6427
27.6693,28.169,27.6756
24.6483,25.1808,24.7511
35.2373,40.144,39.1385
31.8506,38.1853,36.9578
28.6424,36.2405,35.1044
25.3211,34.1943,33.1547
22.0441,32.2116,31.1968
35.2528,39.7468,38.7767
32.097,37.3837,36.1506
32.8609,38.0575,36.8343
25.6269,32.324,30.8774
22.5332,29.7976,28.3677
34.6514,42.1528,37.6856
31.086,39.9335,35.7445
28.2539,35.6856,33.5679
26.0173,29.9962,29.7391
22.7366,27.1785,25.3211
40.5187,36.7248,37.9196
35.798,31.9821,33.1472
32.7812,28.9321,30.0782
30.689,26.8466,27.9776
28.7776,24.9475,26.0711
36.1337,39.3007,39.4465
32.1099,38.4396,38.4533
28.1604,37.152,36.9565
25.0134,35.3413,34.9525
21.8923,31.3851,31.0722
