SSIMY,SSIMCb,SSIMCr
14.3485,7.82356,7.66132
11.7856,5.49101,5.39704
9.32159,3.5638,3.49571
7.25653,2.16044,2.12894
5.42403,1.23069,1.21207
19.8615,7.32957,7.53609
17.1087,5.08635,5.28619
14.2872,3.26794,3.42032
11.7633,1.97456,2.08571
9.35515,1.12193,1.17624
14.8416,8.31518,8.12826
12.1449,5.95314,5.81341
9.79168,3.90131,3.84265
7.58905,2.43399,2.40862
5.73737,1.432,1.39772
18.0922,8.18715,8.01021
15.16,5.98819,5.85635
12.2884,4.18421,4.10386
9.80756,2.92729,2.88644
7.1885,1.88963,1.87614
14.225,7.69502,7.57949
11.6531,5.40735,5.32703
7.88743,2.55311,2.52658
4.86258,1.00583,1.00078
2.57994,0.354609,0.349882
15.5147,9.56528,9.81401
12.3892,6.72618,6.88699
9.96542,4.35058,4.62024
7.70109,2.65975,2.78374
5.60989,1.41163,1.51029
15.0019,7.65858,9.31553
11.7766,6.52528,7.20603
10.5929,3.30532,6.03588
8.63649,1.95736,5.00595
6.68687,1.62007,4.47323
15.1829,25.4621,25.9558
10.1118,23.0443,23.338
6.04732,20.8167,20.7094
3.44093,18.5051,17.742
1.90987,16.3059,14.3766
13.8057,9.19055,8.92313
10.8039,8.42292,8.15304
7.31641,7.95609,7.68382
4.62791,7.28611,6.96877
2.33124,8.51506,8.14874
13.9756,16.7179,15.7698
11.2458,15.9786,14.8184
8.19304,14.8338,13.0051
5.26094,14.0056,11.7894
3.58759,9.67869,11.0522
13.3416,17.0892,17.6634
10.3957,16.4422,16.2966
7.8649,15.9928,15.065
4.73278,15.1443,13.1429
1.98542,14.9127,11.5631
11.9331,19.5036,19.7456
11.2145,20.9589,20.767
7.63464,20.4768,20.7136
5.23121,20.1895,20.6906
3.21528,19.4435,20.4979
14.3786,22.2712,22.4687
10.0854,19.0564,20.3697
7.22652,18.1381,18.5693
5.38992,18.9203,19.0215
5.54316,15.245,14.6378
15.4892,29.3967,28.3358
14.1834,27.0666,26.9462
11.3717,23.4896,22.4138
9.38822,21.6727,20.3223
7.99869,19.7113,17.1574
12.7186,23.6889,16.6914
13.3508,24.5408,17.8513
14.2577,26.0787,18.7389
15.6382,27.6727,20.8993
18.6542,22.9891,20.4682
26.151,37.5184,47.886
22.7253,48.6629,76.0826
14.9282,25.0028,33.4656
14.33,46.0402,54.8183
8.37647,15.8711,22.9891
22.205,25.1266,24.8868
17.1805,21.3923,22.7744
14.2338,22.2066,22.0271
11.1435,14.649,18.0344
7.63568,19.4099,16.9869
31.1584,20.1578,18.9147
31.642,19.1176,16.9137
30.9697,16.6214,14.2625
31.4796,14.557,11.3768
31.4438,11.5851,8.51171
15.3931,8.41303,7.29406
12.65,6.13087,5.14364
10.085,4.2253,3.43439
7.71976,2.76561,2.1443
5.71122,1.7461,1.28692
13.0532,16.0935,16.5317
10.4034,14.8356,15.2981
7.83838,13.3995,13.8416
5.0773,11.6335,11.7916
2.46918,10.4898,10.054
13.2461,13.2712,12.4128
10.579,10.7335,9.7152
8.08043,8.08535,6.91899
5.73196,5.39015,4.15552
3.71406,3.276,2.18414
13.5023,13.5545,10.7956
10.2795,13.9656,10.2809
8.06605,13.9016,10.0783
6.89846,13.2006,8.59388
3.52537,15.1774,7.61569
22.4082,8.09807,8.69997
17.2868,4.76219,5.2125
14.1699,3.44703,3.78233
11.3715,3.14447,3.26082
2.65681,6.40162,7.14039
12.9883,16.3064,16.3235
9.92292,15.8275,15.6271
6.97637,15.4139,14.7491
4.26869,15.056,13.1531
2.11804,14.8623,11.2796
10.4873,8.01578,8.37979
7.98851,5.717,6.0326
5.78679,3.78398,4.02324
4.01541,2.3796,2.53095
2.65717,1.44536,1.49432
15.9343,7.56824,8.29403
13.2047,5.33658,5.93443
10.4949,3.54367,3.94301
8.03641,2.3103,2.46993
5.81202,1.43237,1.43438
10.9659,8.51229,8.87294
8.45266,6.16685,6.47292
6.19706,4.18348,4.38047
4.29682,2.69153,2.82403
2.90006,1.65566,1.69271
14.4179,9.75466,9.61257
11.6236,7.55272,7.32263
8.9519,5.62447,5.32358
6.44422,3.96713,3.62844
4.24334,2.62239,2.2819
10.3987,7.91369,8.29794
7.92531,5.62396,5.9674
4.5365,2.78409,2.96981
2.30515,1.2179,1.24851
1.06637,0.486957,0.472097
11.3546,8.17356,9.75612
8.82808,7.97042,7.53338
6.21238,5.46659,5.13257
4.0028,3.38908,3.05116
2.45956,1.82883,1.67558
12.1729,8.60936,9.15738
10.4164,9.32399,7.54188
8.67889,4.01479,5.59947
8.29295,2.71219,5.4838
6.68787,3.01768,5.13678
16.5104,24.1778,23.1345
11.6979,21.2823,19.3684
7.94819,18.5493,15.9336
5.60357,15.9586,12.6146
4.16071,13.418,9.49424
10.4402,14.3986,14.199
8.82902,13.6066,13.1271
6.98386,12.6674,11.5393
5.40018,12.1442,9.85465
4.1163,10.6584,8.30259
12.2976,15.3102,12.1726
10.2744,14.3327,10.9684
7.71028,12.8753,9.36584
5.47248,11.9464,7.70157
4.38267,12.1051,6.97986
9.14985,14.9165,12.9372
6.84862,13.426,10.5798
4.64154,12.483,8.65554
3.65223,11.9811,7.69053
3.31515,11.5554,7.52994
18.3156,20.2725,8.5694
7.25775,17.0163,17.0411
6.30577,17.8678,17.0721
2.57826,16.1215,16.4789
2.19851,10.9632,6.72616
8.03462,17.7479,15.7617
6.63758,18.485,13.7509
5.04781,18.9593,8.37833
2.4299,13.2611,7.52171
4.32421,10.2093,11.7531
11.4065,20.8953,17.0119
15.398,25.1791,21.6802
12.2092,20.0315,16.2856
10.7927,18.1427,14.3946
9.08332,16.3422,12.4015
13.0654,20.0602,16.1663
13.4353,18.4191,15.6135
14.3123,18.333,16.3611
15.8449,19.1983,16.4265
18.1393,21.184,19.7734
24.0872,30.8793,44.2301
20.7224,35.8079,39.7455
12.8901,18.5221,30.1693
12.4514,25.9816,31.2894
6.42557,10.4184,18.788
23.096,24.1438,23.4583
18.9255,17.6904,20.0472
16.0027,21.1461,19.0209
13.365,11.3543,13.957
9.65209,15.9592,12.9329
27.2133,22.0856,22.2211
27.3737,21.1426,20.341
27.2196,19.387,18.1248
27.3887,18.2861,15.6839
27.272,16.4015,13.2382
11.5717,11.4681,6.84161
8.98319,8.92603,4.78659
6.69328,6.6288,3.17597
4.73428,4.59561,1.95556
3.18049,2.97745,1.15853
8.5267,14.8634,14.8402
5.94196,13.0377,12.4302
3.49277,10.5419,9.30995
1.53982,8.21051,5.93435
0.259713,6.82825,3.67866
9.1003,12.1676,10.9666
6.80407,9.48338,7.96066
4.6695,7.49638,5.05738
3.06067,6.63644,2.88551
2.4149,6.78004,2.49749
11.2294,14.266,9.74968
8.33779,13.4953,9.11435
6.0599,11.8337,7.00496
4.83423,10.5107,5.89858
3.31902,11.6275,5.06131
17.1849,9.54247,9.99411
11.8876,7.14274,6.52499
5.08655,8.87306,6.4146
3.67882,10.2899,6.8957
3.39432,11.088,7.3601
8.90996,14.9331,13.4761
6.56865,13.5829,11.3362
4.69218,12.4782,8.85022
3.61351,11.9844,7.80659
3.25344,12.04,7.45816
9.21135,8.16904,7.62375
6.87454,5.89103,5.38038
4.85194,3.93308,3.48694
3.30809,2.5072,2.14376
2.20714,1.53424,1.23602
14.5292,7.721,7.53293
11.8006,5.53621,5.27505
9.17533,3.70408,3.42305
6.83349,2.38913,2.09373
4.85129,1.47194,1.20551
9.64462,8.64294,8.08175
7.33195,6.32091,5.81818
5.2075,4.32263,3.86333
3.60012,2.80614,2.4049
2.42618,1.7574,1.41856
15.0151,10.9285,9.60081
12.1864,8.7344,7.66257
9.80603,7.05239,6.19045
7.44983,5.5003,4.82691
5.34447,4.14747,3.62621
9.10627,8.05883,7.53515
6.7782,5.78446,5.30035
3.762,2.92046,2.53107
1.92347,1.28839,1.02687
0.930219,0.516595,0.382952
10.8025,9.29362,9.25424
8.01125,6.43378,6.60434
5.69014,4.21842,4.22155
3.73046,2.47772,2.52969
2.34582,1.37079,1.35977
12.0486,10.4102,9.51223
10.0474,8.05944,7.94419
8.34131,6.76374,6.05522
8.36206,6.03373,5.15583
7.02509,4.48343,5.71637
18.3368,25.3478,25.3056
13.8078,22.358,22.3473
10.3366,19.6789,19.7419
7.9379,17.0405,17.3371
6.16261,14.1566,14.8761
14.2071,16.0471,15.2054
12.501,15.2353,14.2563
10.1863,14.2384,12.9421
7.96682,12.8133,11.5201
6.12073,10.5464,9.93225
15.0223,16.224,16.6435
12.964,15.048,15.6212
10.1017,13.0333,13.6892
7.41082,10.7358,11.1723
5.77803,9.50307,10.6257
10.9856,15.4321,16.1766
8.37935,13.1927,14.1068
6.58205,11.4452,12.7875
5.19384,10.4925,12.0356
4.58203,10.0033,11.2485
9.26836,20.4944,19.3963
7.97767,19.6823,19.2604
6.82125,11.7893,19.6237
5.36744,8.63545,18.4459
3.96777,8.7694,9.22509
9.20466,13.8835,15.062
6.05554,12.6948,14.851
5.11286,8.30911,18.3132
2.62629,13.6605,17.5091
1.73319,11.5031,11.1923
13.0093,18.9216,20.0065
15.6998,22.6593,23.0571
13.2375,19.6541,20.1409
11.7703,17.909,18.421
10.6598,15.5959,17.4337
12.9428,14.8556,15.8867
13.9094,15.2354,16.3899
15.1639,15.6088,16.8494
16.7419,16.5784,17.4604
18.5407,19.1567,22.2551
24.9431,31.031,38.1168
21.3658,30.1516,27.6322
13.7011,20.428,30.0363
12.97,21.2854,20.0488
7.03791,14.5159,22.9975
22.8651,22.9233,24.9131
18.5423,17.2117,18.2856
16.6303,18.158,21.9171
12.7586,12.3644,14.4968
10.5169,13.4939,17.0995
25.3925,20.6833,21.9226
25.4922,18.9965,21.317
25.6439,17.0785,20.0254
25.2487,14.8959,18.3752
25.3387,12.5955,15.9294
9.53404,9.42383,7.17949
7.20134,7.07238,5.12412
5.2142,5.074,3.47944
3.6306,3.47824,2.20806
2.42665,2.25426,1.32065
9.60062,14.3727,14.6791
7.32407,12.7941,13.0346
5.11005,10.9423,11.1929
3.35526,8.77314,9.2608
2.10506,7.16052,7.81826
9.48024,11.4902,10.1341
6.97006,8.94004,7.03824
4.77792,6.5939,4.61474
3.15269,4.86654,2.88079
2.4407,4.72128,2.69462
9.76863,10.0185,10.3455
7.6815,8.27132,7.66405
5.82719,6.69838,6.02626
3.81212,5.03468,5.15935
3.23646,3.98235,4.26557
19.839,10.6675,10.0673
14.8518,8.61412,7.77438
7.68541,9.61846,8.00067
5.94332,9.67193,8.27472
5.07884,9.42627,8.87482
10.0823,16.0265,15.8452
8.18001,13.8603,13.8592
6.43012,11.5034,12.4242
4.95991,10.3684,11.7422
4.45231,9.828,11.4479
10.1306,7.76501,7.88374
7.66886,5.4686,5.5954
5.47265,3.53987,3.65977
3.74686,2.17535,2.26209
2.44176,1.24938,1.31973
15.5819,7.29313,7.79522
12.8415,5.09513,5.51218
10.1139,3.24707,3.60238
7.69193,1.97628,2.21275
5.46701,1.14399,1.27318
10.5631,8.24211,8.3546
8.11959,5.90033,6.0347
5.84508,3.91435,4.03435
4.07855,2.46184,2.53443
2.66416,1.4467,1.50698
13.9593,9.22346,9.98805
11.1965,7.11778,7.66988
8.73118,5.39495,5.75895
6.19441,3.7525,3.93512
3.99211,2.41448,2.47492
10.0625,7.65726,7.80649
7.60036,5.37922,5.53278
4.26286,2.55018,2.67749
2.10715,1.0257,1.09106
0.929711,0.376336,0.391381
11.6927,9.21626,9.73673
8.68522,8.29117,8.14502
6.25478,5.91934,5.7121
4.10829,3.65399,3.54427
2.46836,2.0202,1.95075
11.1602,8.79411,9.11118
9.36788,6.47334,6.72975
8.41183,5.38786,5.27898
6.64644,3.51717,4.18921
4.65226,3.71839,3.18184
18.0093,25.9087,25.3973
13.4376,23.7187,22.5632
9.82258,21.9144,19.6883
7.31985,20.0939,16.411
5.53733,18.0595,12.969
10.9416,15.2707,15.4533
9.51463,14.5692,14.6387
7.9929,13.2715,12.9061
6.51397,11.8776,11.0571
5.17727,10.5737,9.20073
12.9251,18.3965,14.5833
11.0819,17.3309,13.255
8.55772,15.4282,11.2071
5.92782,15.0717,9.35081
4.62437,11.4101,7.8944
8.43855,17.4344,13.4276
6.49941,16.194,11.5399
5.27645,15.7537,10.2539
4.25594,15.5292,9.84305
3.76816,15.3165,9.20908
11.6528,22.1721,19.9779
7.47057,20.3798,19.2562
5.23837,21.8154,8.61225
4.02572,21.5802,8.97907
3.03552,14.1262,9.06963
8.06008,21.2334,15.7512
5.75288,20.1528,16.1362
3.75947,18.7049,15.4053
4.26075,17.8199,13.2541
1.9187,16.6417,14.4838
10.3582,22.1079,16.9588
16.2794,29.2899,23.4143
13.0769,25.2808,18.7363
11.8444,23.5824,16.9848
9.98418,20.892,14.6482
13.5302,22.8428,16.8469
14.3045,19.5622,15.2681
15.088,19.4121,16.0396
16.4256,19.4418,16.7171
18.2925,20.2184,22.4707
23.9057,42.0973,45.1912
20.9939,39.8755,38.4712
13.0513,28.2385,27.7815
12.9009,35.2504,29.1618
6.83171,19.2045,17.8027
22.3517,25.0751,24.4594
17.7669,22.9582,20.7675
15.5951,23.1858,20.3342
12.0891,16.6266,15.3892
9.51166,20.0715,15.1946
26.7061,22.0209,20.2825
26.8132,21.5339,18.2184
26.4635,20.3276,15.7905
26.5979,17.7899,12.8255
26.9882,15.6291,10.014
10.5501,8.95592,7.30982
8.1752,6.71143,5.17768
6.07218,4.77953,3.45681
4.33573,3.24887,2.18119
2.94654,2.10347,1.28757
7.76013,15.606,14.5563
5.22333,13.6557,12.0397
3.10836,12.2887,9.1436
1.70991,10.9933,6.85484
0.766903,10.5037,5.35773
8.7908,11.7912,10.4031
6.56589,8.61305,7.22808
4.56353,5.96483,4.57096
3.0933,4.28166,2.72269
2.64376,5.76048,3.16758
9.98663,12.6864,9.11663
7.21198,12.0126,7.2919
5.24792,11.4296,6.99029
3.34752,10.8816,6.4411
2.68511,12.8198,6.24668
15.7592,8.17099,9.16971
8.84262,7.70198,8.5523
5.95828,8.5194,9.4974
5.0541,8.98491,9.55944
3.95405,12.5237,9.43721
8.13283,17.1104,13.6066
6.37448,16.0669,11.6907
5.03499,15.6654,10.6992
4.18346,15.518,9.73019
3.75538,15.4604,9.54517
15.7748,8.85715,8.36999
13.0594,6.48992,6.05457
10.5959,4.44408,4.08801
8.40128,2.89118,2.63337
6.46669,1.7934,1.59892
21.3328,8.38841,8.2842
18.5757,6.09733,5.9493
15.7488,4.12136,3.99312
13.1164,2.68765,2.54389
10.5804,1.67158,1.54642
16.2253,9.31314,8.8318
13.4879,6.89856,6.48501
11.0238,4.83781,4.45265
8.72833,3.18672,2.8976
6.71311,2.00238,1.81544
19.9824,9.59372,8.85022
17.1906,7.39581,6.77926
14.222,5.37778,4.90254
11.4432,3.80303,3.44934
8.78168,2.5759,2.31893
15.6494,8.73718,8.29284
13.0038,6.38892,5.99124
9.07187,3.33883,3.05586
5.89467,1.5124,1.35067
3.43016,0.610566,0.530836
16.0368,9.54658,9.61991
12.7251,6.70965,6.59178
10.0196,4.40211,4.31812
7.69478,2.66916,2.60896
5.68466,1.48914,1.46584
16.6811,9.59605,8.72114
13.9846,7.05555,6.17191
11.3365,5.15751,4.84799
8.66371,3.57887,3.33234
6.81668,3.10518,2.74526
17.5376,24.3214,25.2777
12.4765,20.8968,22.2112
8.04254,17.5979,18.9907
4.72442,14.1403,15.2119
2.43303,10.5934,11.2946
16.7011,10.8389,10.2469
14.1454,9.54712,8.92362
10.2354,8.29931,7.63093
5.95846,7.76092,7.07761
2.89111,7.44093,7.00416
16.4982,12.3931,13.2757
13.5726,11.2109,11.939
9.99547,9.34744,9.96894
6.58885,7.47841,7.91265
4.43589,6.89311,7.20995
16.5006,14.3643,16.1541
13.1468,12.6783,14.325
10.3999,11.1248,12.533
7.60178,9.04989,10.106
4.45849,8.02235,8.52542
15.9153,17.8338,19.1864
14.5235,17.8304,19.1859
10.9133,17.7429,19.1372
8.93229,8.64668,18.8255
4.45657,16.4162,17.1191
13.6979,19.868,13.5734
17.6292,9.17933,7.98126
8.82928,16.5654,12.657
6.59152,13.4599,14.5127
4.19355,8.59804,11.1003
17.3804,24.9305,24.0123
15.3788,21.732,23.4673
11.6237,16.906,18.2648
9.82644,14.7867,14.919
8.11332,12.7468,13.1842
12.6188,16.2499,18.0673
13.5435,15.5364,17.8715
14.6316,16.3052,18.0341
16.3414,17.1647,20.7384
19.122,18.8835,17.8033
21.5956,32.2953,34.3999
18.9543,29.0278,29.2887
10.5905,20.6765,20.0581
11.248,19.2039,22.4119
5.37197,14.3412,13.813
21.0972,24.152,24.063
15.3561,16.2509,17.5718
13.2477,18.9827,19.4055
9.97211,10.7092,12.1601
6.96166,13.2424,13.6152
32.1909,17.8846,17.9561
32.41,15.3774,15.608
32.1902,12.6962,12.9023
32.1551,9.57678,9.80222
32.3963,6.62076,6.83628
16.8387,9.92314,8.42818
14.242,7.6174,6.30608
11.7363,5.59377,4.49418
9.45345,3.8882,3.04745
7.40352,2.58625,1.95284
15.0755,14.8369,15.2257
12.5396,13.421,13.9663
9.99864,11.7966,12.4321
7.31463,9.55096,10.217
4.68846,7.05842,7.73406
14.7379,12.6823,12.2064
12.0038,10.408,9.69041
9.46039,8.12838,7.07655
7.09449,6.12741,4.93866
4.6675,4.58683,3.32159
15.9351,10.3802,9.87044
12.9526,8.1194,7.64076
10.4541,6.12124,5.83327
7.69442,5.47418,5.28338
5.65835,5.10114,5.57483
25.7682,9.37687,9.4403
21.0415,6.0622,6.2218
18.213,4.55926,4.74337
15.9974,3.60773,3.79519
13.3431,3.18267,3.21007
15.6435,13.7705,14.668
12.6586,12.2797,13.1827
9.64464,10.6833,11.5755
6.84876,9.16402,9.88614
4.26718,8.02107,8.42628
13.463,8.11086,7.86944
10.9124,5.78399,5.5799
8.57018,3.79847,3.66671
6.5958,2.33473,2.27861
4.88685,1.3439,1.31478
18.6092,7.60097,7.77711
15.8957,5.34288,5.50663
13.1838,3.43106,3.61098
10.6854,2.08972,2.22552
8.40473,1.19001,1.29799
13.9193,8.61906,8.32766
11.3349,6.19863,6.01296
8.9538,4.16917,4.0418
6.99953,2.63289,2.53739
5.21701,1.54034,1.52003
18.5382,9.04118,8.27872
15.785,6.95003,6.32509
12.9157,5.0931,4.61832
10.0562,3.58938,3.25794
7.78593,2.62544,2.39791
13.3144,8.01034,7.77262
10.8081,5.6938,5.51641
7.19452,2.74695,2.68084
4.37843,1.09842,1.09443
2.33081,0.393351,0.394215
13.4336,9.55298,9.21825
10.031,8.61943,8.40946
7.66222,5.97711,5.80619
5.80331,3.70164,3.69695
4.23558,2.05086,2.0092
15.2171,8.58903,8.54896
12.8866,6.7543,6.43946
11.0517,4.86002,4.90931
9.0216,2.84418,4.02921
7.48485,2.23582,3.61879
14.8505,24.1423,25.3651
10.1682,20.8804,22.7738
6.29947,17.9173,20.1893
3.79665,15.3302,17.3664
2.32832,12.9668,14.4601
14.2142,10.2809,9.74177
11.73,9.24096,8.60477
8.26732,8.25478,7.56475
5.09832,8.09389,7.43853
2.75662,8.80433,8.36033
14.682,13.9138,15.5346
12.0003,13.0663,14.5625
8.76932,11.9909,12.9317
5.65086,10.8155,10.7852
3.81463,9.5484,11.1045
13.5045,14.8057,16.6069
10.5338,13.7469,15.4397
7.82646,12.6823,14.4293
4.85624,11.6721,12.7727
2.24038,11.3639,11.9391
12.3512,17.4186,18.6711
10.1425,18.1996,20.4515
8.53998,18.0006,20.3878
6.55522,16.9204,20.0227
3.72881,17.8938,20.1996
10.8465,19.7429,20.9444
10.829,18.252,18.8876
7.31372,15.6772,17.0437
4.43522,12.0095,16.8215
3.39705,8.99893,14.3891
16.2173,24.5514,25.7056
14.7781,22.4858,25.0123
11.2604,18.5668,19.5305
9.60232,17.1699,17.713
8.16787,15.6914,16.26
12.6307,19.0316,24.1645
13.3714,19.6067,25.4743
14.4248,22.6061,27.2739
15.8481,23.6135,29.2768
18.4457,26.9465,31.2271
27.2999,38.8302,51.2891
22.6858,27.8068,30.6792
16.2013,25.7295,35.4002
14.5949,19.552,25.8494
9.57057,17.9974,23.4133
21.9317,24.4411,24.3878
16.4172,17.6474,21.4058
14.3113,21.2202,22.3042
10.7445,12.0247,16.0681
7.87799,16.6197,17.4765
29.9924,19.9919,19.6047
30.4403,17.709,18.2199
30.0383,15.4123,16.2422
30.6819,12.7912,13.5761
30.4392,9.9001,10.8305
11.7905,8.64266,7.54467
9.70431,6.38656,5.42819
7.93242,4.4663,3.72472
6.33696,2.93356,2.38148
4.88116,1.83587,1.44635
12.6327,14.5753,15.6241
10.2989,13.1981,14.5348
7.81359,11.5772,13.0446
5.32973,9.55282,11.2216
2.67531,7.5216,9.05729
13.1042,12.3827,12.2366
10.6214,9.95508,9.63386
8.28991,7.39051,6.7973
6.07489,5.00499,4.58877
3.93035,3.35093,2.94107
12.2586,11.5503,9.64244
9.76525,10.8735,7.88652
7.0192,10.5007,8.18654
6.09166,10.4003,8.63558
4.41202,10.0413,10.763
23.4936,9.07148,9.1854
18.4299,5.75288,5.85687
15.1738,4.64849,4.53993
12.7782,3.99291,3.75035
2.82104,8.3394,7.08655
13.1018,13.59,15.3018
10.242,12.6754,14.214
7.38836,12.0619,13.168
4.63635,11.5768,12.3995
2.1889,11.5094,11.7748
11.6976,8.2486,7.90856
9.2418,5.89951,5.59757
7.05061,3.92929,3.66652
5.30019,2.4509,2.27152
3.8659,1.44178,1.31511
17.1189,7.77412,7.80625
14.3916,5.50663,5.50811
11.6662,3.62691,3.60375
9.22888,2.26203,2.22464
7.0557,1.32896,1.27618
12.1799,8.68076,8.37198
9.69749,6.33953,6.01668
7.45584,4.30677,3.9875
5.59285,2.73534,2.55429
4.08886,1.64683,1.49503
17.0559,9.27024,8.96532
14.1801,7.11137,6.85496
11.4974,5.3843,5.16391
8.81153,3.91433,3.72845
6.53775,2.83834,2.68768
11.6035,8.12561,7.80687
9.16452,5.81295,5.53119
5.81835,2.86987,2.67451
3.45134,1.19074,1.08992
1.84641,0.43431,0.400692
13.1366,9.71365,9.59905
10.5026,6.88499,6.94756
8.14496,4.63336,4.61511
5.91036,2.75363,2.76112
4.14345,1.54252,1.52386
14.1002,9.25285,8.90459
12.1899,7.09407,6.98412
9.41065,5.2215,5.82572
7.7564,3.67617,4.21792
6.73771,3.27893,5.05401
18.8775,25.6759,26.1676
14.5755,22.9342,23.5801
10.8118,20.1524,20.7209
7.22615,16.8604,17.0241
3.7429,13.2722,12.8438
16.2468,14.4555,13.7399
14.3713,13.1438,12.4323
11.6015,11.4397,10.6209
8.43161,9.66667,8.9569
5.29185,8.06795,7.92228
16.834,15.0066,14.6955
14.6219,13.6464,13.5488
11.5223,11.5202,11.4199
7.86248,9.57792,9.29981
5.80599,8.025,9.58269
13.3628,14.7062,14.929
10.5697,12.0701,12.5934
7.85208,10.7481,10.9961
5.3708,10.1805,10.3828
3.22936,9.94485,9.7141
19.2812,19.1243,11.6275
10.4888,19.9327,20.611
7.62743,18.46,20.3239
5.74793,10.6692,8.26411
3.56871,17.4381,18.5795
11.5818,14.5196,17.996
7.75915,16.02,19.6658
5.60354,15.8006,15.8065
4.30168,12.9109,14.3292
2.63345,14.9341,13.9418
15.9507,21.7887,21.6916
16.4346,22.7579,24.253
12.7206,17.4969,18.769
11.0849,15.3509,16.169
9.98124,14.6014,15.0465
13.1049,18.7483,18.67
13.6802,17.8856,19.0599
14.7047,17.5834,18.7245
16.1178,19.0254,19.2919
18.8513,21.1945,20.5193
25.9123,34.7248,44.8204
22.4172,39.1418,33.137
14.719,20.2447,31.9594
13.9815,28.6824,23.5189
8.0783,12.8668,20.5949
22.7817,24.2615,24.3144
18.2164,18.5874,19.9682
15.0807,20.6327,20.9772
12.3393,11.5411,14.8033
8.56815,15.5377,15.4957
28.3636,19.778,19.384
28.9125,18.1389,17.7953
28.3293,15.4084,15.0941
28.2069,12.3451,12.3203
28.3401,9.54712,9.44628
11.0494,9.01421,7.53878
8.80298,6.71405,5.42338
6.826,4.72583,3.68207
5.23103,3.1639,2.39017
3.93563,2.00321,1.46152
11.9842,14.7768,14.8011
9.78352,12.9592,13.0468
7.4362,10.3795,10.5912
5.22085,7.94718,7.98716
2.99421,5.88937,6.32273
11.6565,11.4621,10.5724
9.27643,8.98165,7.78797
6.82475,6.45641,5.18825
4.91709,4.287,3.17457
3.07512,3.2853,2.13614
11.6627,11.2694,10.1285
9.04748,9.85474,8.47204
6.54016,8.44381,6.97494
5.09332,7.21033,6.42816
4.01245,8.08248,6.64123
22.374,10.0063,10.2549
17.186,7.17782,7.38066
10.3592,6.44375,6.90731
9.2436,5.53811,5.99661
5.2819,5.91435,6.60462
12.5671,14.4934,15.0764
10.1901,12.5866,13.2364
7.70773,10.9017,10.9871
5.29798,10.1932,10.1147
3.27951,9.8931,9.63061
14.9585,8.41646,8.06282
12.3463,6.04624,5.76241
9.92032,4.02446,3.8209
7.83691,2.52124,2.3668
6.05032,1.47573,1.40067
20.4534,7.9242,7.99848
17.6802,5.62989,5.69638
14.9027,3.69056,3.75675
12.2734,2.27811,2.34349
9.86762,1.31794,1.35263
15.4555,8.89641,8.55655
12.8809,6.52151,6.16991
10.3604,4.3874,4.17605
8.20903,2.79954,2.65978
6.36747,1.68229,1.56334
20.77,9.33242,8.78575
18.0761,7.28129,6.81423
15.1748,5.39229,5.01538
12.3377,3.85712,3.57538
9.64663,2.66455,2.47035
14.8684,8.30629,7.9897
12.2672,5.96498,5.70256
8.47782,2.94846,2.80118
5.52297,1.21367,1.15545
3.31905,0.442063,0.421733
15.2234,9.46955,9.14726
12.1318,8.78306,8.43192
9.13401,6.28125,6.06069
6.86831,4.01121,3.85098
5.05581,2.2839,2.1598
15.3915,9.00571,8.79009
13.06,6.49802,6.28211
11.1431,4.91383,4.5861
9.26543,4.10064,3.42093
7.0871,3.53189,3.51069
15.5903,24.033,24.5833
10.6891,20.8489,21.4498
6.62136,17.7355,18.3099
3.94695,14.8859,15.1423
2.27729,12.1119,11.9619
13.8367,10.9359,10.5986
11.9628,9.7222,9.35245
9.51038,8.27117,7.90588
6.73722,7.20308,6.80466
3.57625,7.16475,6.65175
14.5382,13.1885,13.5876
12.2177,12.2913,12.5103
9.25719,10.7715,10.7242
6.27807,9.00037,8.96421
4.46886,8.67969,8.4601
13.7977,14.5121,15.3885
11.1976,13.2524,13.5727
8.54544,12.0627,12.773
6.85847,11.2234,11.3372
4.20792,9.85818,9.6482
19.0325,17.5461,18.516
16.8751,17.56,18.4639
12.9295,17.4776,18.0442
10.6128,6.73707,17.787
9.29502,16.6486,17.6941
13.8725,18.3931,20.0971
10.3578,20.0025,17.3797
10.7682,17.7376,20.6844
6.12221,13.7813,14.9245
5.04107,14.7697,13.3211
18.0405,25.9646,25.9313
15.2646,22.344,23.0361
11.9394,18.0534,17.9767
10.1286,15.7773,15.2521
8.52546,14.1349,14.116
12.6764,18.4754,20.4763
13.5964,17.1065,19.9578
14.9072,17.2186,19.7042
16.6398,18.0156,22.413
19.622,18.3459,23.2842
25.5946,49.4212,52.089
21.571,25.1631,22.4973
14.2798,31.6327,33.0051
12.9033,16.6756,16.773
8.02141,22.8347,22.176
21.4595,24.8954,24.8591
15.5011,17.2004,15.9299
13.5375,20.6821,20.6994
9.66573,11.6729,12.4768
7.21327,15.2728,15.4044
31.4861,16.4905,16.546
31.7597,13.6529,13.8026
31.8696,10.7103,10.8211
31.853,7.97011,7.97277
30.285,5.194,5.09625
14.2888,8.84435,8.19576
12.07,6.58002,6.03808
10.1061,4.62093,4.22281
8.30543,3.04576,2.75191
6.66021,1.88479,1.6812
12.7168,14.7636,14.967
10.369,13.2508,13.6197
8.1206,11.4612,12.0212
5.91672,9.43636,9.96798
3.90256,7.65047,7.89064
13.3643,12.6918,12.21
10.9417,10.3623,9.68832
8.82665,7.80396,7.01553
6.80302,5.33715,4.67569
4.83228,3.76243,3.10584
14.4131,10.5496,9.71469
11.1294,9.31597,8.29158
8.82146,7.84198,7.13821
7.11634,8.12273,7.09173
6.17713,8.1293,8.09691
26.4628,9.6517,9.86791
21.7981,6.46574,6.65566
18.6942,4.88577,5.05262
16.7641,4.07135,4.22358
14.5689,3.28164,3.41423
13.8933,13.6257,14.1844
11.2861,12.5412,12.812
8.91306,11.5002,11.3647
6.63475,10.4075,10.3758
4.34582,9.63172,9.5906
10.3848,8.14249,7.57224
7.97802,5.82414,5.32412
5.89237,3.82195,3.43565
4.28429,2.37431,2.09651
3.04516,1.38171,1.20877
15.7179,7.67314,7.4934
13.0259,5.38938,5.22612
10.3452,3.52398,3.36268
7.93841,2.15513,2.04184
5.88062,1.24328,1.1762
10.8472,8.6253,8.03966
8.40697,6.2396,5.75327
6.29809,4.21631,3.81011
4.57855,2.65261,2.3832
3.26712,1.58979,1.39731
17.4085,10.0615,9.0603
14.7659,8.11316,7.28647
12.048,6.386,5.74539
9.45699,4.9662,4.49008
7.15051,3.84458,3.49558
10.2681,8.02894,7.50309
7.89723,5.71642,5.26252
4.75371,2.78575,2.48894
2.71483,1.14174,0.993123
1.47575,0.423735,0.361467
11.9546,9.87523,9.21991
9.10789,7.09111,6.5478
6.81096,4.74908,4.36949
4.72585,2.90596,2.54474
3.24701,1.62395,1.3955
12.3182,9.85906,8.53093
10.7322,7.35964,7.08479
9.80967,6.3524,6.84417
7.78156,5.4846,5.53137
6.53945,5.09454,5.01255
17.7696,25.646,26.0202
13.2319,23.1771,23.7032
9.54789,20.5919,21.3213
6.78468,17.4297,18.607
4.64664,13.9587,15.5637
13.1249,13.9746,13.2048
11.871,12.8526,12.075
9.94864,11.4958,10.5665
7.63513,10.1296,9.34844
5.25618,9.19944,8.75858
13.8083,15.5713,16.4977
12.1704,14.4187,15.4258
9.86533,12.4872,13.7623
7.14719,10.5131,12.1468
5.54504,9.69567,11.4417
11.296,15.5482,16.438
9.64692,13.9441,15.2997
7.35615,11.8365,13.5088
5.08351,10.9358,12.4982
3.8473,10.427,12.2371
15.3786,20.5118,19.6862
12.4644,20.5069,21.0923
8.66627,20.2451,11.7346
5.26191,12.8722,14.6585
3.91401,10.6558,16.1695
9.11136,19.3485,21.6726
6.38476,20.6148,18.2887
5.07562,14.059,18.8345
4.0605,8.59855,17.3452
2.4426,14.2882,16.9411
14.0966,22.7599,23.5379
15.942,24.76,26.8236
12.3276,20.3193,21.7762
10.7664,17.9301,19.3886
9.66876,15.811,17.124
12.7845,16.8488,19.6797
13.5802,17.3647,19.7
14.6177,18.8287,22.372
16.1631,20.0078,24.0259
18.741,27.2683,28.7519
27.2698,47.2069,51.0913
23.8049,35.7065,39.9938
16.0664,35.5279,35.7835
15.3264,24.4668,30.8601
9.4963,26.1207,23.9644
22.2536,24.6436,24.8918
17.0196,20.9821,22.5915
15.2449,21.085,22.7905
10.8307,15.2726,17.5605
9.1026,15.928,17.7799
26.6932,19.1854,19.6024
26.4303,16.8924,18.3123
26.4255,14.1611,15.8278
26.3081,11.2787,13.1602
26.3809,8.52596,10.3641
10.1289,8.34308,7.51856
7.88499,6.08454,5.40693
6.03302,4.20015,3.69675
4.52133,2.74145,2.4082
3.34535,1.70009,1.50227
8.99375,14.9243,14.8275
7.26867,13.1743,13.3483
5.58463,11.2255,11.7348
3.95257,9.0575,9.94837
2.34548,7.35729,8.58658
10.1499,11.8449,10.7698
7.93289,9.0453,7.79261
5.81381,6.11998,5.12544
4.068,3.89538,3.14719
2.65492,3.28398,2.60235
10.417,10.7763,10.1325
8.13037,8.24173,9.35399
5.85079,6.60004,8.33817
4.61354,6.36526,7.93827
3.67601,7.45146,9.08358
22.3917,10.3089,10.1824
17.5273,7.28133,7.22932
14.6075,6.45886,6.1586
8.98167,6.80731,6.32928
5.5803,7.49898,6.56622
10.8201,15.9194,15.9835
8.8437,14.1781,14.5556
6.87247,12.1108,13.2174
5.13101,10.9693,12.1935
3.66668,10.3743,11.88
10.832,7.96616,7.579
8.34898,5.64952,5.3305
6.16305,3.69601,3.41478
4.41786,2.25492,2.09129
3.07943,1.29199,1.19754
16.1985,7.49421,7.4996
13.4692,5.24449,5.23389
10.7676,3.34825,3.35215
8.29463,2.02851,2.04858
6.17522,1.14436,1.16201
11.283,8.46188,8.03158
8.807,6.09087,5.71029
6.55893,4.04018,3.81696
4.73187,2.54925,2.34969
3.31482,1.4685,1.38362
16.232,9.55291,9.12919
13.9016,7.80203,7.44167
11.224,6.01643,5.72989
8.61078,4.47517,4.25216
6.25814,3.23048,3.06064
10.7176,7.86344,7.4963
8.27347,5.55924,5.25314
4.94829,2.65468,2.47844
2.70141,1.04742,0.981229
1.34821,0.363598,0.348821
12.7488,9.96447,9.56101
9.86848,8.70708,8.36728
7.1766,6.00778,5.78641
5.00781,3.86048,3.66779
3.25866,2.14758,2.0402
12.1686,9.06075,8.34266
10.5552,6.92637,6.36367
8.50207,5.64419,5.25081
6.6212,4.7721,4.55605
5.71462,4.37026,4.52589
17.8841,24.8422,25.7741
13.226,22.0276,23.2551
9.35926,19.3724,20.6896
6.47649,16.8859,17.9596
4.4015,14.5973,15.2815
12.9723,13.7298,13.355
11.4366,12.5748,12.3265
9.06965,11.0294,10.6804
6.46373,9.81893,9.77554
4.35342,9.12265,9.04635
13.9519,15.0646,15.9979
12.0787,14.2252,15.0642
9.43273,12.8553,13.6379
6.44956,11.4388,11.8375
4.7215,11.6094,13.0587
10.8859,14.989,16.0166
8.78367,13.5927,14.6165
6.17721,12.8033,13.5829
4.24559,12.4337,12.9036
3.28149,12.3493,12.8136
16.0371,19.1235,11.9002
11.1519,12.9611,17.218
8.13286,13.3525,20.4413
6.19278,17.9577,11.9179
3.24688,10.3094,18.8609
12.345,19.7114,21.7657
6.51583,19.8121,15.7356
4.64535,11.508,13.98
3.61726,18.1044,18.9434
2.98812,6.74176,16.4462
13.9131,23.0422,22.8333
15.4137,23.0997,23.635
12.303,19.411,19.2742
10.4717,17.6536,17.4632
9.19417,16.8247,17.1241
12.7741,20.9258,19.7466
13.7241,20.7401,19.7172
14.8173,21.1276,19.9905
16.2358,21.1376,19.709
18.3315,26.3026,26.5213
26.0777,51.57,56.8309
22.6913,31.2259,35.2661
14.6172,38.0072,40.454
14.5017,22.2444,27.6717
9.32464,23.4113,28.178
21.4485,24.8648,24.7857
15.0936,20.9032,22.604
14.7309,22.3098,23.4433
10.4187,15.5678,18.4381
8.825,17.9138,18.3286
27.0598,16.8493,17.2226
27.1911,14.2232,14.4833
27.5057,11.5742,11.8637
27.0776,8.79348,9.1341
26.493,7.38882,7.79
10.3321,8.11658,7.56089
8.01732,5.87609,5.43744
6.01065,3.98925,3.66971
4.43098,2.56571,2.367
3.19708,1.55188,1.45895
9.11668,14.2472,14.5589
7.15162,12.3787,12.76
5.11976,10.4417,10.935
3.20227,8.58927,9.44496
1.30239,7.62967,8.45563
10.1094,11.7468,10.7858
7.81447,8.77562,7.80059
5.7424,5.87911,5.08727
3.83397,3.82246,3.11907
2.20388,2.93825,2.14258
10.8277,10.2919,10.5511
8.35001,10.2583,9.02764
5.70834,9.92769,8.69983
3.94993,9.9724,6.86311
2.68905,10.1631,12.1103
20.8737,9.97849,10.4948
15.7333,7.08426,7.36789
8.49366,6.92221,7.02985
4.99129,8.61373,8.57904
3.57185,9.77381,9.66135
10.8383,14.2017,15.4792
8.44188,13.3883,14.2483
6.09446,12.7414,13.1918
4.07115,12.465,12.6353
3.09123,12.3492,12.6671
12.3934,8.13319,7.88971
9.89636,5.84039,5.61152
7.64823,3.9019,3.67667
5.76827,2.45417,2.29952
4.20517,1.45407,1.35164
17.8907,7.73136,7.80641
15.1419,5.49078,5.51011
12.4341,3.63709,3.58478
9.94455,2.28086,2.22325
7.68914,1.35511,1.30177
12.877,8.57926,8.38619
10.3275,6.30339,6.01125
8.06076,4.25914,4.05784
6.08241,2.7297,2.55196
4.46533,1.66871,1.54511
17.3994,9.20187,8.7313
14.9396,7.35398,6.94993
12.1124,5.49687,5.16896
9.44868,3.99539,3.73392
7.01048,2.81794,2.61271
12.2903,8.02822,7.80987
9.81626,5.75443,5.5427
6.33565,2.86291,2.70512
3.74134,1.20909,1.13076
1.975,0.452266,0.42663
13.0795,9.0773,9.37898
10.1791,6.39093,6.47737
7.63656,4.13581,4.23306
5.65175,2.43948,2.51377
3.94556,1.30113,1.36302
14.2193,8.97982,8.58106
10.6627,5.89404,6.20757
9.61855,4.44403,4.52325
6.8948,3.47489,2.98897
4.79231,2.67075,2.75032
16.1777,25.9061,25.3092
11.3185,23.2884,22.5046
7.42172,20.4558,19.5126
4.7901,17.2321,16.1236
3.07176,14.0345,12.7738
13.0071,11.6986,11.3537
10.8194,10.6234,10.1578
7.99837,9.62772,8.98202
5.28123,9.29048,8.45061
3.06156,9.07578,8.26352
14.0852,14.9536,14.1255
11.6278,13.8609,12.9785
8.63548,12.2516,11.2726
5.69726,10.4041,9.21034
3.86365,9.37681,7.89213
12.4577,15.7824,15.6287
9.75019,14.6071,14.2017
7.64354,13.0618,12.737
4.47384,11.6337,10.6473
2.58837,11.1467,9.78687
15.754,20.1408,19.544
18.8234,20.1752,19.5831
7.37423,20.1787,19.4261
6.06002,18.9325,19.0735
2.92529,11.911,18.9106
10.4545,21.5316,20.1473
8.81164,16.5497,13.038
6.56682,20.2863,13.8969
4.51949,17.2755,9.19974
2.85343,13.2417,11.4757
16.0252,26.0566,24.5315
14.668,22.3985,22.0967
11.6584,18.9398,18.3233
9.74803,16.4315,15.4552
8.59428,15.4201,14.2305
12.7571,19.2888,18.8492
13.588,18.1004,18.4182
14.7226,17.828,19.6796
16.4705,18.2352,22.3409
19.7416,19.1149,18.0322
18.6958,32.5181,42.7364
17.2094,35.1873,33.0353
8.28167,20.5619,23.547
10.3813,24.4743,23.6811
4.8339,15.0236,17.2321
19.4208,24.5138,24.2576
11.9457,18.1578,19.1945
12.5732,21.717,20.7346
7.42175,12.482,12.6649
7.09524,16.8057,15.6056
30.301,18.7613,17.7909
30.2429,16.6619,15.4862
30.2211,14.0229,12.5843
30.7123,11.297,9.79673
29.9304,8.32435,6.91802
13.8148,8.98127,8.05599
11.273,6.7367,5.9177
8.94733,4.88632,4.17812
6.88878,3.42606,2.83003
5.18978,2.36309,1.85639
11.4958,15.4879,15.4864
9.14981,14.1732,14.0949
6.85955,12.3738,12.2406
4.44352,10.1486,9.65128
2.0257,7.76175,7.21397
11.6761,12.6991,11.6396
9.26218,10.3394,8.9665
7.00649,7.73996,6.26496
5.04948,5.54465,4.12356
3.04365,4.08486,2.84082
13.1138,11.3182,8.88276
10.3756,9.74976,7.07599
7.526,8.81138,5.55355
5.77896,8.90366,5.43445
3.96092,8.90831,6.28831
22.908,9.58438,9.70707
18.066,6.50673,6.61105
15.0671,5.09286,5.15855
12.0056,4.6585,4.31725
4.45255,6.44438,5.28196
12.0012,14.6515,14.5219
9.27906,13.5773,13.1925
6.77942,12.4657,11.8136
4.45774,11.7022,10.6008
2.59092,11.1727,9.80117
10.6232,7.84045,7.73714
8.10845,5.55326,5.46989
5.89994,3.6168,3.56632
4.09246,2.20257,2.20263
2.76622,1.26364,1.28045
15.9628,7.36768,7.64837
13.2354,5.1196,5.38377
10.5112,3.2787,3.49388
8.03182,1.97534,2.15929
5.85264,1.12339,1.24575
11.118,8.34225,8.18869
8.53884,5.99142,5.90217
6.29942,4.00121,3.91643
4.40618,2.47108,2.47838
3.00745,1.45113,1.47427
14.869,9.08166,9.37631
12.3241,7.26056,7.42305
9.66896,5.51178,5.57467
7.20699,4.01322,4.01586
5.11313,2.81894,2.79932
10.5111,7.74591,7.64301
8.03877,5.45917,5.40009
4.64572,2.59523,2.60505
2.39442,1.03363,1.06681
1.14794,0.376927,0.400483
11.6033,9.14448,9.34197
8.52089,8.44092,8.56337
5.95056,5.9522,5.90051
3.88385,3.64653,3.66121
2.36619,2.05089,2.04474
11.1669,8.95817,8.83302
9.83978,6.40139,7.11576
7.52072,5.58179,5.62458
7.28218,3.6738,4.35088
5.92219,3.69137,3.89382
15.2828,25.634,26.0463
11.1773,22.9552,23.4521
7.84731,20.655,20.9752
5.6168,18.4638,18.1221
4.14414,16.1463,14.84
11.214,13.7443,13.8641
9.53545,12.8343,12.942
7.43966,11.7519,11.7794
5.58739,10.9817,11.3735
4.43825,10.1614,10.2129
13.2256,17.296,16.4295
11.1563,16.4035,15.2908
8.29168,14.9901,13.3573
5.52142,13.4096,11.1445
4.29941,11.2107,10.3112
9.33029,16.9936,16.4827
6.96152,15.7237,14.8938
4.7366,14.4022,12.1979
3.91493,14.0042,11.3172
3.45083,13.7454,10.7766
16.5102,12.3403,21.1752
17.3747,21.2071,9.62254
5.13537,16.8795,17.1242
4.18994,12.375,10.7522
4.25219,11.9497,10.2247
9.39414,21.5203,18.1993
7.03436,18.0189,7.47561
4.05773,15.7254,15.9398
3.04819,17.7819,7.69546
6.56197,5.84894,10.6919
11.0792,22.6193,21.815
16.5132,26.4385,25.6861
12.842,23.1376,20.4913
10.883,20.0235,18.0353
9.10054,19.1102,15.9215
12.3081,20.4607,17.3724
13.1984,18.903,16.5807
14.4929,18.5269,17.2064
16.0576,21.1887,20.7027
18.9651,18.6735,20.0887
29.2868,52.1517,60.2471
24.3988,29.0087,27.5295
18.2329,36.3021,47.8217
15.662,19.5925,19.221
11.4288,24.0038,32.3169
22.3688,25.4447,24.8155
17.4465,20.4803,20.1923
15.3701,22.9921,21.9079
11.1051,14.1032,15.136
9.22181,18.6408,16.8904
27.0557,21.5069,19.784
26.7547,19.6666,18.1848
27.6905,17.6899,15.6113
27.5364,14.8165,12.7159
27.6793,12.4629,9.90957
10.174,8.19934,7.40544
7.79503,5.96078,5.28951
5.7554,4.1155,3.55994
4.04642,2.6905,2.28546
2.78045,1.6816,1.38998
8.80382,14.7559,15.5396
6.33589,13.2362,13.8725
3.94595,11.8047,12.1353
1.70027,10.5215,9.98231
0.420616,9.37529,7.62529
9.38359,12.1067,10.9661
7.06306,8.92551,7.87548
4.96925,6.00093,5.07414
3.3082,3.95455,3.18872
2.60436,4.62872,3.40882
10.5258,10.0766,9.69467
7.84284,8.48487,8.07951
5.82728,6.24426,6.41884
4.18695,11.4613,8.17159
3.22132,13.9327,8.23198
21.1011,10.0249,11.3126
16.313,7.50265,8.26798
8.33486,7.60076,8.33957
5.71269,7.9216,9.02351
4.07905,8.67854,9.8648
9.1508,16.1858,16.2652
6.86971,15.0854,14.3299
4.93534,14.2119,12.2017
3.83885,13.9239,11.1968
3.36303,13.9689,10.8978
16.5032,8.41275,7.58731
13.7137,6.0303,5.34286
10.993,3.99912,3.43129
8.49435,2.48405,2.06171
6.32311,1.47683,1.16731
22.1675,7.91162,7.50844
19.2999,5.60116,5.23299
16.4182,3.68213,3.36362
13.6598,2.28625,2.02163
10.9294,1.34924,1.13515
16.997,8.89977,8.02527
14.2062,6.44687,5.76242
11.4127,4.40137,3.77032
8.92271,2.78766,2.32762
6.67294,1.67554,1.35559
19.7667,9.02656,8.04688
17.4146,7.249,6.35861
14.4448,5.30494,4.53349
11.6669,3.77763,3.12379
8.79958,2.47543,1.96042
16.409,8.29647,7.52089
13.6159,5.94298,5.26693
9.27685,2.92783,2.46769
5.66966,1.21713,0.959494
3.06097,0.456619,0.336898
16.5079,9.45671,9.22002
13.6241,6.66561,6.42309
10.8615,4.31642,4.13343
8.35704,2.58535,2.44217
6.12077,1.35427,1.2682
16.6404,8.31736,8.28731
13.3252,6.71839,6.10358
10.5348,4.18145,4.80445
8.53493,2.12765,3.88353
6.18982,1.14042,3.10534
14.1109,22.3644,24.624
9.20847,18.6578,21.965
5.35851,15.5759,19.4634
2.94804,13.1098,17.0382
1.55301,10.9819,14.7577
13.3821,8.71761,7.7427
9.91064,7.66798,6.74019
6.17006,6.92094,6.05923
3.47598,6.95055,6.40167
1.648,7.51044,7.89579
13.2612,11.6825,15.0515
10.3514,10.9179,14.1555
7.28757,9.84074,12.9893
4.4497,8.92475,11.9931
2.80664,7.36931,12.8571
14.8132,13.4272,16.7888
11.8925,12.6353,15.8118
8.76896,11.6607,14.8234
6.44045,10.3463,13.703
2.98514,9.68655,13.1987
18.1274,15.7518,19.8853
13.379,15.7283,19.8597
11.6362,15.5908,17.9685
8.83381,15.5812,19.7541
6.24787,15.1082,19.188
14.8679,18.7497,20.5479
12.636,16.3579,20.071
8.04796,14.6836,17.828
5.65285,14.5116,15.0207
4.32664,14.4214,17.2351
17.4578,23.8391,27.9382
14.1782,19.348,23.3898
11.0401,16.6653,19.3263
9.59866,15.263,18.3329
8.03066,13.8668,16.8794
12.9522,18.0186,20.1935
13.7711,17.5229,17.8242
15.0044,17.6934,18.4357
16.4955,20.2638,20.7245
19.1677,19.0215,19.3564
25.3988,34.9998,44.048
21.5085,25.9811,27.9898
14.0782,21.1378,31.0694
13.1319,16.9372,22.1243
7.40389,12.2513,21.2091
21.9333,24.273,24.9712
16.8149,14.8952,19.4008
13.8307,19.9698,22.7663
10.8773,8.76778,14.9356
7.22229,15.0325,18.4352
32.7836,18.1359,20.0211
32.5981,15.8161,18.4874
32.9023,12.8526,16.3512
33.1367,9.98829,13.79
32.8714,7.07103,11.0554
16.727,9.30939,7.47281
14.135,7.00036,5.3377
11.5789,5.02266,3.59708
9.11756,3.39864,2.2781
6.8932,2.18752,1.34577
14.0551,13.5785,15.4984
11.248,12.3562,14.576
8.49268,11.1116,13.3769
6.00325,9.67163,11.8794
3.62135,7.62473,9.86818
14.3896,12.1061,12.6272
11.4167,10.0442,10.2637
8.87649,8.08812,7.78567
6.38379,5.97554,5.00334
4.06563,4.14584,2.89325
15.3074,8.66838,11.4606
11.995,7.52901,10.8697
9.34364,7.55998,10.1783
7.45495,9.63798,12.4317
4.27466,9.14827,12.7512
24.2627,8.97755,8.82646
19.4338,5.63937,5.50854
16.2859,3.99672,3.86528
14.2171,3.11346,2.9846
11.4729,2.80037,2.4473
14.5294,12.0828,14.7025
11.5654,11.2173,14.0922
8.42502,10.5631,13.6626
5.76316,9.99122,13.3244
3.13419,9.66315,13.1017
13.8891,8.89885,8.38962
11.1936,6.5463,6.07169
8.68319,4.51207,4.1193
6.53089,2.9758,2.69153
4.77499,1.89853,1.68186
19.4649,8.43508,8.28979
16.6439,6.12908,6.00542
13.8037,4.20533,4.0597
11.1594,2.76437,2.63531
8.71155,1.77124,1.63674
14.3529,9.3925,8.83892
11.6239,6.99299,6.50914
9.10068,4.89565,4.48021
6.88701,3.27648,2.97601
5.06412,2.10504,1.87417
17.8593,10.6091,9.6557
15.2256,8.40587,7.59135
12.363,6.24728,5.60188
9.63287,4.44324,3.94651
7.12765,3.02017,2.64314
13.736,8.78262,8.30094
11.0869,6.43572,6.01339
7.20196,3.40947,3.11222
4.23707,1.61839,1.43739
2.22536,0.70916,0.617317
14.7224,9.97301,9.92002
11.1636,8.6154,8.92929
8.69199,6.22521,6.31032
6.43172,4.01384,4.03812
4.43569,2.35779,2.37387
14.3797,9.09775,8.99512
11.8289,6.90293,6.59846
9.31383,4.65386,5.55435
7.28041,3.2073,4.59254
5.48046,2.46062,3.05306
16.8437,25.2186,25.5562
11.8897,21.9517,22.4191
7.78689,18.2894,18.8752
4.85513,14.0704,14.5638
2.87633,10.1553,10.3737
12.9181,11.686,11.3431
10.4802,10.8323,10.4616
7.62317,9.90001,9.42377
5.06082,9.32362,8.73398
3.04508,8.30762,8.04466
13.9034,13.2581,13.6023
11.5091,11.7686,12.1606
8.57531,9.89629,10.1269
5.52355,8.13,8.28409
3.70543,6.93358,7.38562
13.252,15.5967,16.5842
10.339,13.6548,14.8813
8.08262,11.4632,12.3064
5.16664,9.111,9.73253
2.99055,7.64276,7.79342
15.7347,18.0684,18.9445
18.0067,10.1072,18.7868
19.7685,18.313,5.98534
6.74329,17.0978,17.6892
4.66333,11.1637,16.8933
10.681,21.3847,20.9266
9.72796,17.1752,14.9984
6.70319,14.0551,13.5286
4.94508,10.7797,7.00962
3.39429,12.8926,7.08571
15.7543,21.8912,22.5021
14.8719,19.9258,20.6105
11.0828,15.1041,15.0914
9.67486,13.2557,12.6217
7.85575,11.4353,11.2254
12.7919,15.2456,15.3182
13.6536,15.6361,15.5723
14.7974,16.3506,16.1386
16.3266,17.6461,17.3754
19.6386,19.7152,17.8416
24.896,35.4485,42.4302
21.653,38.6162,34.5583
13.4549,23.1681,30.1383
13.427,28.0504,22.3308
7.16232,15.4921,19.4313
21.7112,22.9921,24.1015
16.4902,16.687,19.0749
13.9325,17.0483,19.0827
10.2041,10.3896,12.4867
7.55804,11.6611,13.2633
30.4163,19.8226,21.7401
30.3507,17.929,19.6417
30.2413,15.5166,17.2024
30.2243,12.9848,14.7399
30.0602,10.2017,11.5897
13.2473,10.2008,7.85325
10.8539,7.82026,5.79459
8.64711,5.71669,4.11268
6.75175,4.038,2.795
5.05025,2.71839,1.81316
12.0839,16.0745,16.4702
9.58156,14.6563,15.0416
7.12376,12.8248,13.2122
4.66922,10.4474,10.8907
2.22137,7.67575,8.18211
12.4555,13.4003,12.6396
9.89911,10.7776,9.84307
7.48897,8.12475,7.05869
5.28897,5.75856,4.49115
3.36687,3.99418,2.78068
14.4459,10.6575,10.7831
11.8806,8.45784,8.50025
9.12653,6.50954,6.11288
6.55042,6.79512,6.6526
4.23956,6.22881,5.91977
23.1503,10.8635,10.7322
17.8898,6.89852,6.90207
14.5077,5.41465,5.26589
12.5392,4.85822,4.53125
5.70607,5.19081,4.55418
12.6667,15.987,16.6524
9.92951,14.11,14.9893
7.3121,11.7974,12.7262
5.01193,9.37146,9.71995
2.79037,7.66644,7.57952
10.2158,8.10486,8.07801
7.76345,5.81357,5.82063
5.62642,3.87112,3.90147
3.9399,2.44113,2.47498
2.67098,1.46251,1.50423
15.3879,7.60895,7.96088
12.6913,5.37615,5.68865
10.0338,3.548,3.78089
7.64178,2.23038,2.39256
5.54124,1.34524,1.43273
10.6384,8.55624,8.58662
8.20208,6.23691,6.2162
5.99011,4.17969,4.2747
4.2546,2.71019,2.75118
2.87517,1.6735,1.69231
15.4792,10.0691,10.1749
12.9505,8.29467,8.22481
10.3723,6.60962,6.41154
7.97499,5.11617,4.86218
5.90585,3.86935,3.61373
10.1015,7.99874,8.00591
7.69232,5.71406,5.74608
4.44143,2.83559,2.88876
2.32837,1.2291,1.26129
1.12082,0.484635,0.494663
10.5457,8.35013,8.94245
7.52645,5.67215,6.07558
5.15936,3.51559,3.85968
3.38671,1.99919,2.24189
2.10969,1.01611,1.21261
11.7595,9.55727,9.43698
9.59751,7.20096,7.33831
8.45005,6.76207,5.76588
6.4748,5.56146,4.63713
4.56125,4.05549,3.63071
17.2874,26.429,24.9934
13.0613,23.8251,21.5289
9.71445,21.3879,18.1794
7.38363,18.9043,14.8102
5.69886,16.3368,11.7456
11.9393,14.95,14.8231
10.5297,14.1098,13.9769
8.64784,13.1076,12.7124
6.76538,12.6481,11.2944
4.9,11.0203,9.05115
13.3474,16.8184,13.9276
11.5018,15.7242,12.6237
9.07254,13.7842,10.8607
6.30965,11.7333,9.30812
4.87392,10.4663,7.93771
10.435,16.2159,14.4824
7.83899,14.815,12.1357
5.9927,13.4288,10.3503
4.68209,12.7277,9.63976
4.05471,12.6558,9.13085
10.159,21.4403,18.554
8.97777,15.3727,17.6887
5.31743,20.8435,17.1534
6.12994,13.8587,7.77561
3.12606,10.2996,9.70147
10.3108,21.02,12.9869
6.25596,18.982,9.71211
4.50193,18.4391,12.2096
3.46538,17.5813,12.4745
1.82442,8.97597,13.374
12.575,21.8969,19.2295
15.7519,24.2507,22.0317
12.835,20.6329,17.6219
11.5061,19.3116,16.9257
10.2724,16.9488,14.3458
12.7829,19.3096,17.1673
13.1636,18.7196,17.8224
14.2026,19.156,20.0516
15.7684,22.9326,23.4484
18.5503,20.7588,23.0123
17.3158,35.5306,35.2105
16.1777,29.6711,29.7979
8.14981,27.7595,21.7155
9.63929,24.6234,22.8018
3.61545,20.661,17.031
18.8211,25.301,25.0359
12.7224,20.3836,18.4606
12.7936,22.7158,20.4772
8.15044,16.9766,14.0389
7.98766,17.9599,15.1895
26.4508,21.0502,19.4354
26.58,19.72,17.2448
26.2188,17.3941,14.6036
26.2305,14.7088,11.5923
26.7122,12.0598,8.69947
11.3054,9.71915,8.39742
9.0741,7.59428,6.32132
7.10906,5.74502,4.56217
5.33938,4.12437,3.1262
3.88256,2.81648,2.07991
8.77379,15.335,15.0485
6.58003,13.7026,13.2048
4.64091,11.6312,10.7845
2.75741,9.61999,7.50122
1.61327,8.03965,5.76281
9.64578,12.1922,11.0963
7.35717,9.35316,8.00105
5.37497,7.11788,5.42973
3.98177,6.25991,3.98366
3.36604,6.54693,3.87823
11.379,11.0889,9.27462
8.42126,9.5539,6.94173
6.27607,8.87266,5.46303
3.96086,8.65015,4.79851
3.02331,7.85246,4.56169
19.4399,10.2164,11.1916
14.7149,7.59448,7.9809
8.88836,8.00143,7.86343
7.47672,7.71695,6.93635
5.87786,8.08474,7.3788
9.75697,15.9088,14.193
7.66807,14.713,12.0805
6.10637,13.3965,10.2984
4.77386,12.7434,9.56273
3.80688,12.4761,9.33262
10.2226,7.90344,7.37444
7.80469,5.60337,5.14012
5.67385,3.62461,3.28361
3.95939,2.21588,1.96688
2.65167,1.25481,1.10272
15.5991,7.43941,7.2984
12.8849,5.17637,5.06208
10.2047,3.31737,3.22491
7.77593,1.98746,1.92777
5.6544,1.11438,1.06858
10.691,8.35925,7.85873
8.26734,6.04315,5.54533
6.02952,3.98178,3.64666
4.28622,2.49306,2.2214
2.87353,1.44284,1.27906
14.9302,9.28857,8.433
12.4314,7.4548,6.71118
9.77904,5.72063,5.11737
7.37614,4.32727,3.85672
5.34,3.23836,2.88186
10.1486,7.7907,7.30429
7.73488,5.49539,5.08122
4.47558,2.6062,2.34985
2.30531,1.01672,0.897846
1.0486,0.34907,0.306361
12.3287,10.0008,9.55931
9.37203,8.48622,8.31992
6.99053,6.04039,5.80313
4.71636,3.80059,3.52599
2.92734,2.076,1.94217
11.484,9.00315,9.24617
9.64471,6.79862,7.33088
7.61349,5.47488,6.59171
6.34395,3.93962,5.66599
4.85603,4.2954,5.8144
16.6195,26.1886,26.6113
11.8122,23.7561,24.3659
8.12445,21.4739,22.4269
5.88649,19.1001,20.4143
4.51143,16.6369,18.2899
12.4122,13.4191,12.6667
10.3403,12.6482,11.8251
7.92707,11.6957,10.8698
5.72164,11.2784,10.3851
4.30405,10.3345,9.95733
13.8627,16.9895,18.5178
11.6381,16.1136,17.5742
8.71903,14.3108,15.894
5.70709,12.1131,14.4542
4.19016,10.7787,16.0258
9.97117,16.621,18.0136
7.5284,15.1788,17.1421
4.73342,13.8752,16.143
3.70859,13.2758,15.9964
3.51556,12.9882,16.0695
13.0886,14.546,20.2612
9.47512,21.4603,20.5128
5.63316,19.2195,22.3562
3.56384,19.3927,22.318
1.58317,11.6478,13.9974
8.12151,20.6709,22.3812
6.04173,17.59,17.5035
4.71594,11.456,19.3488
2.54235,12.0855,19.0171
1.56024,14.9697,19.861
11.8057,22.16,24.0312
15.1993,26.0775,27.9812
12.2501,22.4275,24.5044
10.5733,19.3164,21.9459
9.29537,17.8684,20.3616
13.19,20.1515,22.6847
13.9543,20.8902,23.0932
14.6607,21.7991,23.7927
15.7456,25.5191,25.9075
18.8437,19.1736,19.44
27.3394,43.2681,54.8809
22.9457,31.918,38.3203
16.2928,28.2424,41.5695
14.2395,22.1248,31.0651
9.45733,18.4488,29.2596
23.0252,25.0099,25.7339
17.994,19.88,23.6636
16.0049,22.7302,24.5094
12.1807,13.8035,20.2101
9.68009,18.4071,20.8038
27.6333,18.321,20.4317
27.3277,16.1451,18.4424
27.3399,13.4432,16.4224
27.3321,10.4421,13.6032
26.3145,8.07641,10.7331
9.85167,8.21802,7.42757
7.50347,5.93812,5.28142
5.57159,4.05556,3.51874
3.99491,2.59049,2.19451
2.80511,1.56573,1.28663
9.6191,15.3081,16.1701
7.21172,13.6091,14.6806
4.69154,11.6465,13.1231
2.26814,10.0046,11.6807
0.563791,8.86739,10.7332
9.83168,11.8057,11.0614
7.35109,8.77502,7.78263
5.10415,6.04361,4.9819
3.27309,3.776,2.88557
2.87826,7.53521,5.81071
9.16656,10.5828,12.981
7.1782,9.07076,11.9431
4.59136,8.21132,10.8021
3.89878,7.98499,11.1259
2.04553,10.6368,14.4559
19.3702,9.42328,9.37518
8.36507,9.05809,8.5524
4.47138,11.6881,10.9281
3.78707,12.5993,12.8971
3.51813,13.0606,15.8416
9.68775,16.1677,17.5205
7.06786,15.2103,16.8955
4.7336,13.999,16.1014
3.69004,13.1024,15.8855
3.496,13.0174,16.0211
10.8958,7.91998,7.45963
8.508,5.6714,5.22386
6.36494,3.77049,3.37781
4.65168,2.38469,2.09149
3.24039,1.41612,1.20853
16.2879,7.48732,7.33127
13.5937,5.31158,5.10439
10.9439,3.5097,3.28415
8.53886,2.18784,2.00047
6.40596,1.3016,1.16139
11.3432,8.40385,7.87828
8.94365,6.08063,5.63923
6.69547,4.12775,3.73062
4.93738,2.66782,2.36258
3.45009,1.61987,1.40563
16.6013,9.49116,9.03462
14.2522,7.74872,7.38049
11.5001,5.95,5.67268
8.90181,4.45928,4.25138
6.59377,3.27867,3.11671
10.8093,7.8121,7.35481
8.42967,5.57545,5.1527
5.16746,2.76918,2.46225
2.84527,1.17303,1.00407
1.38838,0.442163,0.367752
11.8079,8.86235,8.80448
8.59138,6.12879,5.94294
6.21323,3.85686,3.77016
4.42451,2.3003,2.21443
2.99807,1.24264,1.16714
12.3061,8.53956,8.42407
9.25739,5.66174,5.87964
6.02654,4.88068,4.8546
4.16002,4.43436,4.71241
3.24027,5.20983,6.38002
19.1724,25.1961,25.6879
14.5562,22.6762,23.1194
10.6658,20.2992,20.9146
7.50763,17.9653,18.9686
5.00559,15.7037,17.0171
13.3921,13.4727,12.9517
11.749,12.3986,11.8981
9.43338,10.9988,10.4296
6.49173,10.1024,9.53025
3.87346,9.42794,9.10628
14.7866,16.1997,17.3093
12.8964,15.3794,16.3736
10.0392,14.0752,14.781
6.81707,12.5006,14.1829
4.07961,13.1308,14.1468
11.937,15.6878,16.8215
9.61142,14.809,15.666
6.47645,13.8608,15.0363
4.38089,13.4852,14.7616
3.07592,13.4784,14.8107
13.3356,18.5003,19.6658
10.0854,20.4111,21.3181
8.65405,20.416,21.3296
5.08434,18.3858,21.1787
2.65787,12.0021,15.134
9.61333,20.3715,15.0508
8.59615,16.4563,11.784
4.70182,17.0771,18.5661
3.77215,18.1859,11.606
2.7915,16.7162,16.54
13.9652,22.5717,23.5385
15.6425,22.6758,23.3314
12.7128,19.7077,20.9308
11.0584,19.4658,20.6954
9.33663,17.2269,18.4927
12.8136,19.1668,21.285
13.4669,19.308,21.6011
14.5439,19.615,22.2507
15.9571,20.9012,23.5335
19.4044,19.8711,17.6836
15.0394,35.7643,39.6975
14.8756,40.7309,38.5125
6.21384,22.4829,22.6042
8.96909,30.9785,29.7841
4.26225,18.2835,19.2776
17.2805,24.6432,24.7816
8.42711,20.7805,20.6796
11.1586,23.5151,23.3362
5.78562,16.4976,16.8462
6.69073,18.6692,19.9151
27.0946,16.6203,17.4497
28.6296,13.9434,15.1055
26.8394,11.0439,12.3517
27.375,8.79171,9.5829
27.4651,8.41084,9.39032
12.4955,8.65155,7.76863
10.0866,6.55695,5.75774
7.9629,4.87315,4.17975
6.11464,3.55305,2.96569
4.57692,2.54379,2.07643
10.1456,14.4326,14.8728
8.24348,12.6632,13.3981
6.25374,11.047,11.7404
3.82642,9.71481,10.3042
1.69536,8.77748,9.57531
10.5621,11.9367,10.768
8.42711,9.37051,7.93376
6.41967,6.90884,5.52993
4.60775,4.94821,3.81037
2.90759,4.41413,3.12315
10.6869,10.7219,12.6549
8.40174,10.4431,11.9937
6.31709,13.4069,14.9531
4.14628,13.3184,14.2811
3.28288,13.3276,13.0809
22.0917,9.99249,10.2665
17.5647,6.94367,7.24623
9.7142,6.27944,6.4879
6.37314,6.94808,7.33969
3.77033,8.65819,9.34322
11.0345,15.1455,15.8966
9.00571,14.3906,15.232
6.61111,13.7133,14.7485
4.25289,13.3923,14.59
2.92466,13.3917,14.6183
13.0811,8.56481,8.10859
10.5296,6.22136,5.80361
8.13227,4.18965,3.82824
6.14277,2.6972,2.3893
4.44964,1.62459,1.40372
18.6371,8.11504,7.99606
15.8371,5.82419,5.71386
13.0729,3.91734,3.74353
10.507,2.51044,2.33651
8.15776,1.54434,1.36034
13.499,9.06522,8.58724
10.9756,6.67165,6.21563
8.5048,4.56631,4.18614
6.39637,2.98886,2.66877
4.70326,1.83336,1.58602
18.0765,10.1239,9.20375
15.2973,7.95118,7.1109
12.4624,5.99168,5.2498
9.75339,4.35589,3.72887
7.25525,3.05242,2.55176
12.9938,8.46284,8.02182
10.4262,6.12302,5.72299
6.74244,3.11413,2.81102
3.98067,1.36591,1.16734
2.10141,0.542148,0.439093
13.7791,9.07334,9.45342
9.82193,8.99655,8.59287
7.44913,6.24325,6.14535
5.25079,3.98538,3.84758
3.50682,2.27446,2.17077
13.7153,9.24669,9.13268
11.3935,6.77402,6.71104
8.50055,4.90427,4.76769
7.58212,3.64636,4.0205
6.16627,2.61391,3.29719
17.4763,23.6392,24.4705
12.5779,20.1074,21.2811
8.38349,16.8434,18.0345
5.16326,13.9767,14.8265
2.95165,11.1244,11.6866
12.9596,11.5069,10.9056
10.8399,10.4997,9.71814
7.80291,9.59574,8.55241
4.76787,9.33813,8.07286
2.74276,8.64391,7.8965
13.9763,12.32,12.9577
11.8188,11.3322,11.7895
8.94624,9.72974,10.0905
5.78566,8.18594,8.65795
3.85626,7.83627,8.12198
12.9217,13.803,15.1626
10.6053,12.4887,13.415
8.37743,10.4514,10.7949
4.77493,9.19017,9.78869
2.37044,8.57992,8.95464
11.3077,16.7217,17.7911
11.1797,16.2114,18.6203
7.81832,9.29023,13.9531
6.05363,16.386,18.0674
3.70516,14.9706,17.2755
10.906,22.152,19.8513
7.86322,13.8964,20.7106
7.70344,11.9917,15.652
4.45649,10.3524,10.9295
3.0029,10.8585,7.28751
15.6828,22.8899,23.3042
15.2424,20.9874,21.7952
11.3917,16.6765,16.6328
9.64207,14.218,14.2408
8.19647,12.6299,12.7575
12.8215,16.9048,16.9676
13.5686,17.2361,16.9868
14.6153,19.1032,17.7819
16.223,21.1751,20.2797
19.3769,22.5358,20.581
21.3835,32.1493,41.4338
18.7421,33.4095,30.8467
10.089,17.951,25.8414
11.0769,24.3115,21.6743
4.60289,10.9656,16.824
21.8587,24.4809,24.6496
16.4758,17.7977,18.1275
14.1095,19.8382,19.9657
10.6322,11.2873,12.2952
7.78203,14.1971,14.6435
29.4946,18.8621,18.8814
29.5905,16.4227,16.7966
29.5717,13.8882,14.1886
29.6024,10.8489,11.277
30.073,7.8687,8.39223
14.5841,10.1418,7.95649
11.9366,7.76398,5.82914
9.36558,5.60512,4.01194
7.1185,3.84508,2.62333
5.14066,2.47753,1.60292
11.2671,14.5499,14.9752
9.20724,12.9746,13.528
7.1502,11.0261,11.6004
4.96449,8.52508,8.89573
2.55492,5.79705,6.07249
12.0175,12.3471,11.7454
9.56454,9.79555,9.05374
7.25394,7.55432,6.32529
5.03952,5.59476,4.06748
2.95364,4.81116,2.86764
13.4659,9.86465,9.41107
10.1436,7.946,7.86299
7.54458,7.82048,6.93486
6.34782,7.43362,7.01154
3.82092,6.23938,5.38006
23.3947,10.2219,10.3271
18.6922,6.85007,6.8275
15.8758,5.25007,5.17009
13.1955,4.6683,4.22451
7.01435,4.95237,3.88316
12.8369,13.1682,13.6216
10.1719,11.8407,12.149
7.39773,10.5555,10.7589
4.77058,9.36269,9.61425
2.44224,8.63861,8.90618
12.3663,8.17796,7.65995
9.93162,5.81805,5.40447
7.69958,3.82911,3.49921
5.88629,2.36249,2.15183
4.42491,1.36102,1.23235
17.8299,7.71123,7.5912
15.0865,5.40789,5.3426
12.3613,3.50644,3.45767
9.87587,2.14829,2.11354
7.69299,1.23312,1.21111
12.8356,8.64013,8.10849
10.3709,6.24896,5.85727
8.07266,4.20073,3.87161
6.19706,2.6412,2.4178
4.6903,1.57106,1.40495
20.1411,9.5944,8.72094
16.6717,7.10327,6.44498
13.8817,5.45705,4.9571
11.7498,4.38782,3.99642
8.58486,3.05865,2.79554
12.311,8.05501,7.59906
9.84484,5.7351,5.3465
6.43141,2.78439,2.54494
4.01152,1.1266,1.01825
2.37806,0.403332,0.367535
14.3758,9.57127,9.20529
11.2186,6.76261,6.51589
8.56748,4.51375,4.16764
6.46693,2.72796,2.52061
4.53186,1.4973,1.30206
13.342,9.09912,8.58077
11.0458,6.24539,6.07786
9.79615,5.57196,4.56326
8.57887,3.50198,3.88914
7.05016,2.56468,3.29367
16.33,24.523,24.7352
11.4026,21.591,21.8928
7.38737,18.4408,19.2387
4.60437,15.285,16.7409
2.82731,12.5709,14.2355
13.3354,12.5418,11.8723
11.3335,11.6456,10.8388
9.06126,10.2529,9.52068
6.87819,8.75109,8.16273
4.70443,7.91671,7.39819
14.3951,13.8605,15.1159
12.341,12.8398,14.1466
9.52676,11.3686,12.4384
6.53062,9.96724,10.7415
4.79808,9.16373,9.39935
11.8209,14.1785,15.9216
10.0818,13.0205,14.4978
8.31902,12.068,13.2283
5.57652,11.0995,12.1884
3.64217,10.4631,11.4102
13.0745,18.6126,19.8012
10.7956,18.3775,19.701
9.71225,9.20258,19.3867
9.82864,17.3772,12.1378
5.93938,17.0804,17.343
13.0616,21.3564,19.4841
8.75404,21.4182,20.7
7.34358,14.9716,15.5294
5.04817,12.8163,12.8606
3.57863,15.0238,13.9283
15.8928,24.4931,24.851
16.2767,23.4715,24.5485
13.0373,20.1346,21.2261
11.0439,17.6512,18.4697
9.60834,16.1687,16.4364
12.9938,17.6842,19.1133
13.953,17.2987,18.0773
15.0469,19.3656,18.0712
16.3255,20.5673,19.6437
19.1298,18.225,20.4837
26.9624,36.167,43.9757
23.3503,29.8891,22.4526
15.8727,23.1584,30.8947
14.7148,17.7399,13.2508
9.42747,14.1367,22.8193
22.1296,24.4203,24.5594
17.2275,16.8413,14.0599
14.4584,21.2092,21.6695
11.5097,8.86865,9.10484
8.0923,15.924,17.2102
28.8576,19.3688,19.9184
28.7764,17.3635,18.338
28.9601,14.6527,16.1938
28.8521,12.1942,13.319
29.4065,9.13416,10.5705
12.8099,8.83366,7.40658
10.3097,6.52379,5.2967
8.12132,4.5638,3.5965
6.24482,3.00712,2.28754
4.71184,1.87688,1.38191
11.0332,14.8988,14.6713
8.7457,13.0564,13.123
6.6659,10.9217,11.1838
4.51302,8.63633,9.24166
2.4593,6.89835,7.76856
11.844,12.1854,11.3735
9.46513,9.57915,8.64036
7.04546,6.57815,5.87157
5.03415,4.44847,3.59907
3.32715,3.15405,2.442
12.2944,9.91933,10.0566
10.0788,7.8532,8.17996
7.70527,7.74718,8.20321
5.53628,7.04418,6.79439
3.77323,7.27666,9.0115
24.3763,10.0092,9.37174
19.6157,6.97933,6.55165
16.7831,5.57521,5.28204
14.4223,4.6204,4.42023
12.2936,4.36687,3.893
11.5762,13.7459,14.6459
9.28623,12.487,13.4539
7.23674,11.5158,12.4033
5.31264,10.82,11.5933
3.5684,10.6584,11.4895
11.4487,8.74934,8.976
8.93279,6.42412,6.62464
6.69304,4.38967,4.58417
4.80319,2.88059,2.99783
3.32694,1.79671,1.83114
16.0321,8.03786,8.99094
13.4279,5.78253,6.65262
10.8163,3.90104,4.58087
8.42704,2.53401,2.99011
6.27945,1.56269,1.8153
11.907,9.1593,9.42001
9.39926,6.84816,7.05559
7.07393,4.77948,4.96286
5.17296,3.18536,3.28805
3.64356,2.01142,2.09354
17.7908,10.3985,9.63633
15.1595,8.58849,7.96272
12.5474,6.98571,6.53224
10.1404,5.6391,5.39265
8.00625,4.50649,4.51053
11.3445,8.64657,8.90088
8.86328,6.32529,6.56173
5.34963,3.31516,3.46915
2.8993,1.51169,1.53716
1.45576,0.608915,0.568788
9.10795,8.05349,7.78533
6.28254,8.67056,8.38075
4.11836,6.10456,5.75662
2.63633,3.8863,3.6205
1.75746,2.17591,2.01393
15.3169,10.1162,11.3963
13.0936,8.28903,9.05453
10.1553,6.96536,7.94361
8.81385,5.59571,7.42515
8.09307,5.51529,6.60491
16.5594,23.0851,25.6086
13.1683,19.8889,22.7185
10.2119,17.2526,20.2414
7.78642,15.1455,18.036
5.81597,12.9359,15.631
15.3784,13.826,14.5356
13.7742,13.0139,13.3888
11.7148,11.8667,11.9934
9.06411,11.0107,10.9931
6.46877,9.86917,10.0366
15.9731,13.9869,16.7959
14.1278,13.1791,15.7768
11.5881,11.7982,14.0788
8.86122,9.85766,12.0576
7.17253,8.7758,12.3346
13.1338,13.5689,16.3616
11.1701,12.651,15.3628
8.3815,11.121,13.536
6.46093,10.3762,13.1112
4.95932,10.0325,12.8654
13.0336,16.8366,21.0804
27.8884,9.20441,20.9045
8.81356,16.422,18.6588
7.19631,15.8227,12.4187
4.78266,12.6683,11.4693
13.9888,17.7027,9.55554
7.21325,14.793,18.0523
10.2151,15.8138,19.0222
4.38831,12.0982,8.54131
2.67245,9.49819,13.5573
17.4694,20.8849,23.7344
15.6172,22.7709,23.5346
12.2808,17.3685,18.8712
11.195,16.0389,17.7157
9.6764,14.4839,16.4108
12.1586,19.496,22.2969
12.9533,20.7843,23.4066
14.1356,21.7139,23.9029
15.7239,23.2957,25.9135
18.632,21.1691,24.5855
23.2486,36.6329,43.8056
20.0117,22.7104,24.4788
12.648,25.4222,30.026
13.6058,16.0685,19.642
8.30728,19.5107,23.9137
18.6615,24.693,25.7793
11.2728,16.8357,19.8262
12.9036,20.4451,22.7424
7.86299,11.9542,15.9815
8.43438,15.4091,18.3772
24.7948,18.9481,20.9213
24.566,16.5537,19.3998
27.5276,14.1288,17.2735
24.3083,11.3013,14.3941
26.027,8.51866,11.6704
9.71173,8.35668,8.57775
7.42874,6.25368,6.28675
5.60078,4.52934,4.35989
4.16037,3.2038,2.89243
3.10523,2.1982,1.83896
11.4232,11.44,15.038
9.40374,10.1447,13.6342
7.61193,9.05855,11.9301
5.68124,7.77972,10.1364
3.91427,6.3255,8.62067
12.5317,11.8111,12.708
10.5152,9.88791,10.1215
8.73743,8.13596,7.7967
7.20954,6.93647,6.5794
5.95496,6.61286,5.79982
12.1022,10.7651,12.528
9.64559,8.97625,12.1255
7.58131,7.41857,10.8111
5.65947,6.30117,9.73711
3.88665,6.80809,10.1249
23.6659,10.766,10.7642
19.0381,7.85514,8.11382
16.075,6.98472,7.03898
10.6494,7.27259,7.04914
7.22851,7.65555,7.02733
12.4723,13.939,15.4694
10.4946,12.6757,14.2996
8.50961,11.4066,13.4834
6.43163,10.3212,12.9781
4.86194,9.74979,12.6163
11.1528,8.29081,7.72565
8.77192,5.92569,5.4643
6.67684,3.90514,3.55219
5.01863,2.42862,2.17379
3.74969,1.4057,1.25831
16.4934,7.80394,7.63364
13.7821,5.50672,5.38124
11.082,3.57621,3.50159
8.74027,2.18209,2.12493
6.64944,1.2637,1.21613
11.6156,8.77125,8.23966
9.17967,6.30812,5.86468
7.08977,4.30851,3.91552
5.33551,2.70381,2.458
3.96577,1.60492,1.42901
18.9056,9.54355,8.57101
16.1953,7.51063,6.75288
13.4197,5.78779,5.25558
10.6604,4.4183,4.08423
8.23517,3.44019,3.24506
11.0429,8.16282,7.64174
8.67188,5.83013,5.38905
5.51144,2.84436,2.5746
3.38176,1.15287,1.03069
1.93996,0.413683,0.364999
13.4114,10.0385,9.69161
10.3077,7.10946,6.82093
7.87061,4.76735,4.52152
5.6047,2.84913,2.68169
3.98243,1.56666,1.46889
13.4254,9.77151,8.39897
11.5429,7.0683,6.37024
9.87494,6.23099,4.98095
8.13873,4.43935,3.86985
7.53719,3.71497,3.74084
16.5114,24.1143,24.8838
11.9441,20.9007,22.2013
8.22348,17.9179,19.7525
5.55244,15.1951,17.2996
3.69254,12.5304,14.5311
13.7937,11.1528,10.363
12.2278,9.96693,9.17654
9.56936,9.07958,8.22971
6.5723,8.64181,7.84087
4.05016,8.34994,8.14502
14.1461,13.4066,15.6019
12.227,12.4358,14.5512
9.72562,10.8204,12.8554
7.02807,9.30095,10.6771
5.19636,8.02238,9.58414
13.0569,14.0072,16.6709
11.047,13.0595,15.3751
8.9204,11.4677,14.0517
5.99962,10.3545,12.3165
3.49256,10.0206,11.4718
16.9571,17.8752,20.2772
14.7985,9.05498,20.1546
10.5985,17.8195,20.2348
7.29078,17.4226,18.5226
5.10884,16.901,18.4516
10.8443,17.6659,17.0198
9.90591,18.3623,20.5158
6.05576,12.9536,17.2431
4.39234,12.6024,14.475
2.78252,13.7614,12.5268
16.1742,24.2356,26.4652
14.7215,22.5213,26.3446
11.5065,18.2298,22.3421
9.91997,15.9775,18.4362
8.6857,14.184,16.6637
12.6708,17.9901,19.2491
13.5033,18.6361,18.1612
14.6063,18.7645,17.776
16.1632,19.8765,19.3767
19.0991,18.3884,20.2282
26.553,42.1481,50.8099
22.7141,29.685,30.2095
15.2916,26.4004,32.8772
14.3808,20.3719,23.756
8.86325,17.0356,20.7331
22.1562,24.4504,24.3945
17.0305,18.1688,20.4135
14.9987,20.6818,21.5212
11.2555,11.6994,14.7953
8.7443,15.6311,16.8474
27.1488,18.2343,19.0565
27.3778,16.0362,16.9355
27.1159,13.1288,14.22
27.535,10.1764,11.6151
27.2165,7.38601,8.68535
10.5012,8.41687,7.74857
8.25117,6.16385,5.56267
6.38328,4.30863,3.76207
4.93899,2.85529,2.39537
3.8294,1.816,1.44462
10.6785,14.3495,15.373
9.0562,12.8446,14.1885
7.31246,11.0612,12.6832
5.42285,8.80771,10.6606
3.35848,6.43908,8.72865
11.6923,11.9591,11.7796
9.44113,9.49246,9.06116
7.11889,6.97974,6.24341
4.92283,4.71696,3.83505
3.02303,3.00014,2.17202
11.9431,10.0801,10.3937
8.90908,8.35801,8.82528
6.96927,7.16891,7.33724
5.45945,6.15236,6.61293
4.38673,5.62863,6.16305
23.0466,9.44478,9.25092
18.421,6.2995,6.25096
15.3891,5.2199,5.08157
12.9746,4.58304,4.37803
5.42835,6.56485,5.5939
12.4342,13.3865,15.6366
9.90673,12.3298,14.5132
7.50804,11.2466,13.2345
5.17348,10.4562,12.1723
3.26336,9.98292,11.2154
11.6638,8.31659,8.22955
9.17112,5.95166,5.90712
6.89835,3.95915,3.93184
5.01075,2.46276,2.45307
3.52663,1.43185,1.44971
17.0963,7.83637,8.16666
14.3422,5.53505,5.84376
11.624,3.59755,3.88142
9.12906,2.21001,2.43722
6.87954,1.28912,1.43525
12.157,8.79985,8.69921
9.59988,6.4409,6.3625
7.30263,4.32213,4.28307
5.36649,2.72269,2.75431
3.79169,1.63452,1.63436
16.3615,9.56938,9.5236
13.8891,7.67664,7.5903
11.0727,5.74635,5.64263
8.45878,4.16725,4.07975
6.15357,2.93495,2.87717
11.5992,8.21788,8.13995
9.10001,5.87628,5.83844
5.60036,2.87654,2.89688
3.10433,1.17741,1.21012
1.5307,0.434389,0.446584
13.1709,9.79331,9.95928
10.0555,8.79595,8.60205
7.37075,6.17066,6.08972
5.23355,3.82796,3.92782
3.45064,2.15472,2.19925
13.1938,8.77927,9.06756
10.7513,7.00027,7.00737
8.90733,5.14855,5.37133
7.69672,4.42388,4.48581
6.19775,3.24809,3.77318
15.7517,24.0683,23.3133
11.0989,20.8945,19.5653
7.37371,17.7705,16.2163
4.85746,14.7749,13.4208
3.26439,11.961,10.817
12.009,12.1962,11.8868
9.6617,11.483,10.9578
7.03051,10.7246,9.99704
4.98177,9.78016,8.88158
3.47626,8.78439,7.95099
12.9873,13.1221,12.7831
10.7941,12.1403,11.6718
8.05266,10.5814,9.96621
5.25871,9.30172,8.08818
3.8272,7.49096,7.22814
11.4404,14.2112,14.2816
8.82141,12.4022,12.4681
6.31375,10.7765,10.2537
3.67556,9.85088,8.93788
2.50939,9.60351,8.33104
30.7798,8.80935,17.2262
9.50667,18.1831,17.508
8.06504,18.078,17.3223
4.75185,17.4291,16.2501
2.38913,16.7599,14.8783
11.3026,20.4698,19.3713
7.66109,15.7284,10.0542
5.32413,12.0259,11.6346
3.52339,13.8239,8.86706
2.83228,10.6688,2.66788
14.4626,21.1544,20.0052
15.1344,21.5212,21.2736
11.8005,17.2446,17.2642
9.71561,14.9675,14.26
8.52262,13.8321,12.547
12.8779,18.431,17.0678
13.5987,18.5964,16.7037
14.6195,19.1535,17.5216
16.4606,19.61,17.8324
18.8535,19.3139,18.7021
26.443,43.6502,48.757
22.6716,31.5778,28.6503
15.2696,30.8156,35.4044
13.7858,22.1569,18.92
8.41051,19.1529,24.5634
22.5807,24.3306,24.3671
17.6195,19.498,18.2996
15.007,20.156,19.6282
11.5665,13.2504,13.1449
8.54639,15.0739,14.2251
28.0129,19.2764,18.9215
28.088,17.5166,16.8666
28.1511,14.9656,14.1568
27.7691,12.2133,11.3242
28.2688,9.47968,8.36517
11.4376,9.26903,8.02712
9.15123,6.96995,5.80385
7.16213,5.0512,4.00703
5.41983,3.44306,2.57891
3.975,2.19582,1.55422
10.3125,14.5423,14.4984
8.09275,12.9696,12.8344
5.65818,10.8862,10.5932
3.28722,8.1005,7.71398
1.1279,5.8352,5.37436
10.9452,12.1522,11.5232
8.42531,9.66429,8.75859
6.09495,6.86289,5.94959
3.9977,4.48687,3.52173
2.30273,3.24374,2.09418
11.7543,10.2809,9.86209
8.80333,8.69362,8.02873
6.71746,7.62458,6.39277
4.8444,6.85838,5.55511
3.95381,7.29102,6.04974
21.499,9.81968,10.6449
16.4976,6.45285,7.02404
12.8577,5.3441,5.57408
6.92624,5.78077,5.75465
3.39372,7.19949,6.51656
11.0453,13.5202,13.2848
8.17096,12.0762,11.7029
5.6417,10.9072,10.2126
3.68291,10.0375,8.93954
2.48483,9.49064,8.2686
9.5653,8.31606,7.88192
7.18368,5.97171,5.59035
5.11118,3.98175,3.67895
3.52438,2.49513,2.28881
2.35904,1.4897,1.35589
14.9231,7.82326,7.79457
12.1684,5.56672,5.50135
9.55296,3.65818,3.62433
7.15696,2.3087,2.2612
5.1085,1.3748,1.3314
10.0381,8.76905,8.35762
7.65069,6.41209,5.99843
5.51042,4.34631,4.05622
3.80768,2.77172,2.56918
2.56858,1.68782,1.54447
17.3272,10.978,11.0827
14.5584,9.18057,9.18354
11.864,7.53841,7.45718
9.28752,6.01871,5.88421
6.98332,4.66091,4.50969
9.45746,8.19543,7.79159
7.097,5.87557,5.53487
3.99085,2.91475,2.70329
2.05822,1.23746,1.12749
1.01549,0.48358,0.424836
11.1638,9.27415,9.38785
8.37844,6.50754,6.63698
5.97677,4.36211,4.40685
3.9755,2.58178,2.61933
2.49806,1.4328,1.4341
11.3332,9.54224,9.24657
9.30614,7.42441,7.30261
8.04513,6.7888,6.3066
7.08527,5.91299,5.76803
6.03884,4.78987,5.10821
18.5335,25.1056,24.7609
14.4067,22.2069,21.7489
11.1697,19.7104,19.0994
8.59424,17.1737,16.4993
6.56586,14.3512,13.7507
13.6125,15.2832,15.3308
12.4678,14.1099,14.1293
10.7943,12.3026,12.4864
8.87878,11.1436,10.9895
6.67523,9.5621,9.58598
14.7899,16.1017,16.077
13.35,14.7449,14.6635
10.8851,12.4154,12.4294
7.75571,9.90086,10.3079
5.87075,8.5689,8.75343
11.7692,14.9732,15.3052
9.55827,13.294,13.1982
7.76869,11.8615,11.6852
6.40815,10.8287,10.9296
5.13632,10.1631,9.98329
13.5344,20.8723,11.8861
16.3122,9.12446,20.6354
7.90963,19.7551,19.4555
5.97083,16.7159,10.6385
4.3318,8.21591,8.03904
11.3075,19.2014,20.6263
6.96216,11.0604,13.873
4.83962,17.9485,12.7003
3.12064,9.73182,7.42428
2.17122,12.618,13.9318
14.8902,21.9715,22.097
17.7059,24.7283,23.987
14.4479,21.346,20.5059
12.3251,17.7576,17.8645
10.7242,15.4515,15.432
12.2674,18.459,18.2022
13.1626,19.2858,19.0921
14.1778,20.3169,19.7878
15.8017,21.9815,23.1852
18.8045,20.8772,20.5304
26.647,31.8755,39.128
22.5753,30.1205,25.996
15.6163,23.3267,35.906
13.991,22.4985,18.0434
8.85218,18.33,28.525
22.9466,22.3501,24.6346
17.7296,17.6251,17.321
16.1837,17.5167,20.9778
11.6726,12.7057,12.9354
10.0633,13.202,15.5437
25.7362,19.7802,21.9789
25.8053,18.1874,20.376
25.9234,16.1859,18.8017
26.0156,14.2278,16.7251
25.8909,12.0631,13.9756
9.65336,9.31751,7.59423
7.30392,7.03304,5.47904
5.28662,5.06021,3.71165
3.69674,3.43632,2.38908
2.48343,2.18469,1.43598
8.94961,14.4017,14.4513
7.3352,12.2521,12.501
5.7245,9.98099,10.3515
4.23559,8.36951,8.2447
2.97549,7.07738,6.96508
9.57108,11.334,10.0841
7.35243,8.48723,7.38686
5.22272,6.21611,4.91398
3.50181,4.57228,3.1892
2.67727,4.24415,2.73979
10.4147,9.85414,9.8467
7.88062,7.76995,7.76615
5.4921,6.4002,5.94709
4.15712,5.53427,4.64956
2.73627,4.32616,3.8519
21.3197,10.8553,11.7122
17.2442,8.59609,9.13463
11.3092,7.94679,8.65656
9.53908,7.36359,7.84426
7.12702,7.18369,7.54761
11.2274,15.0901,14.8504
9.48124,13.7295,13.3566
7.55596,12.4521,11.9977
5.90546,11.1882,10.9585
4.90709,9.84336,10.0187
12.4437,8.16064,7.76817
9.92438,5.82845,5.47763
7.5441,3.83176,3.56278
5.58056,2.37315,2.1832
3.96435,1.37568,1.24557
17.9722,7.6877,7.67846
15.1816,5.40407,5.38755
12.3735,3.50688,3.507
9.87364,2.1363,2.13525
7.56168,1.2353,1.22431
12.8885,8.60008,8.23974
10.3707,6.20972,5.90836
7.94065,4.19712,3.8939
5.97198,2.65592,2.45648
4.27765,1.5591,1.43043
17.4811,9.95068,9.37231
14.8373,7.875,7.40087
12.0309,5.8908,5.52862
9.29442,4.19292,3.92829
6.84426,2.87065,2.68293
12.3617,8.05729,7.67459
9.82081,5.73806,5.41005
6.20065,2.78629,2.58091
3.528,1.12885,1.03096
1.78121,0.411735,0.371555
14.0698,9.88658,9.73299
10.8958,8.77844,8.53395
8.28152,6.16975,6.00457
5.9144,3.88678,3.74405
3.98442,2.21529,2.09843
14.2663,9.15664,8.83207
11.6852,6.30223,6.33602
9.26978,4.28775,4.97299
7.72861,3.76672,4.81148
5.66859,3.74356,4.62154
17.677,24.1829,24.2885
12.7217,20.7961,20.8597
8.53103,17.7865,17.6576
5.49063,15.1409,14.8769
3.43551,12.6461,12.4609
14.0523,12.7395,12.0191
11.6418,11.6142,10.8488
8.62262,10.0836,9.38709
5.7594,9.01931,8.33307
3.5023,8.64359,8.18935
14.7024,13.9358,14.2413
12.3202,12.9871,13.2781
9.18195,11.6188,11.7139
6.02085,9.50626,10.3705
4.16529,9.60531,10.8267
12.7621,14.8287,15.6058
10.1392,13.2714,13.8989
7.66258,11.9276,11.9875
4.38708,10.9451,11.0545
2.41072,10.4814,10.6877
17.1309,12.9131,10.3541
13.6451,18.181,18.9565
9.29424,18.1501,18.9178
4.87245,18.0405,18.8699
2.75826,17.6481,18.0817
10.9279,21.0694,22.3425
8.27621,22.3462,22.4533
6.38258,14.4391,15.6176
3.79424,14.6618,11.5543
4.46778,14.5989,12.018
14.4038,22.258,22.1068
14.6027,20.4403,21.1208
11.7446,17.0386,18.5025
10.1017,15.4392,16.5249
8.65379,14.3412,15.4798
13.1092,24.5585,23.0062
13.7246,25.1057,23.3307
14.6966,26.6347,24.8365
15.643,29.0565,26.7878
18.8689,18.3702,22.2277
25.8985,49.8367,56.8868
22.333,31.8585,34.1549
14.7332,37.8749,49.8931
13.8623,23.479,25.8784
7.78374,23.9659,31.8158
22.697,24.5833,24.7235
18.0799,20.2449,21.2446
14.9134,21.3856,21.4993
11.9113,15.7398,17.0966
8.34132,16.2571,16.571
29.2222,16.5457,16.7056
28.9195,14.0091,14.1067
29.2461,11.0218,11.2613
29.1846,8.08242,8.52467
28.8861,5.89699,6.14608
12.4994,8.8344,7.65672
10.0406,6.50033,5.4338
7.87398,4.51859,3.66089
5.94906,2.95313,2.31825
4.28785,1.7973,1.36679
11.7414,14.6024,15.0052
9.34999,13.0842,13.4308
7.0666,11.3153,11.7033
4.52768,8.95053,9.22169
2.05504,7.17241,7.20311
11.5302,12.3324,11.5098
9.10968,9.67236,8.69432
6.74761,6.86348,5.83411
4.66576,4.3867,3.39298
2.84406,3.01217,1.96316
12.4117,10.302,9.41587
9.60771,8.75115,8.12314
6.97342,8.49003,8.11284
4.28287,9.99041,10.8105
2.98322,9.63691,10.7667
22.3459,9.41904,9.93753
17.2788,5.97088,6.35461
14.0086,4.86119,5.06393
11.2898,4.10051,4.15563
3.68821,6.28087,5.96585
12.7881,13.7239,13.9093
9.75451,12.6629,12.6465
7.14143,11.738,11.6921
4.50437,10.9105,10.957
2.33224,10.4461,10.6253
12.1642,9.95291,9.63857
9.90613,7.59364,7.318
7.90651,5.50464,5.32212
6.40417,3.89426,3.79255
5.25377,2.68859,2.66919
17.2531,9.46929,9.52404
14.6097,7.13685,7.24948
12.0229,5.12087,5.24604
9.76298,3.60179,3.74054
7.84568,2.46397,2.61736
12.6125,10.3791,10.0228
10.3218,8.02561,7.78219
8.25958,5.87474,5.72773
6.70127,4.21966,4.12475
5.45198,2.90219,2.88108
23.4346,12.3831,12.4007
20.5789,10.0068,9.99365
17.905,8.02544,8.00398
15.2132,6.26531,6.27435
12.5676,4.75436,4.81755
12.0791,9.86012,9.55097
9.79177,7.49336,7.25062
6.83182,4.35987,4.25873
4.92722,2.36111,2.35416
3.58834,1.19562,1.21524
13.3836,10.4123,10.2775
10.951,7.53231,7.58666
8.6889,5.14091,5.3109
6.55632,3.32251,3.44833
5.13127,2.06913,2.14541
15.4587,13.5436,14.3194
13.6373,11.4483,12.3371
12.3611,9.42651,9.40502
10.9692,8.0027,8.51554
9.44284,6.02494,6.94432
13.9644,17.5593,17.1176
8.95552,12.1767,11.8394
5.60327,8.74336,8.35208
3.85122,6.99383,6.67504
2.71383,5.98507,5.70159
21.8833,16.9716,16.6989
19.0996,14.7103,14.4166
15.3992,12.1594,11.6472
10.1889,10.1966,9.9968
5.889,8.00818,8.26103
20.8008,9.08262,9.64404
17.6415,8.54377,8.95927
13.0753,7.64211,7.92605
8.95009,6.19661,6.95801
6.26532,6.03348,5.77799
21.7564,14.1848,15.4733
19.7862,12.7112,14.193
16.4118,11.1512,11.5678
14.2571,9.66007,10.0884
10.7857,7.90487,8.49152
28.4444,8.27618,10.6222
22.3222,9.86788,10.5623
12.7884,9.79995,10.4586
11.6123,8.70077,10.0891
10.5063,9.48698,9.81214
11.9714,17.057,16.2293
15.508,9.32098,13.0456
11.2288,19.9649,10.6076
11.2241,11.0673,9.9729
7.81663,11.0421,11.3072
22.874,25.0699,25.681
16.9574,20.693,18.7162
14.9803,19.1243,17.3224
13.1257,17.0515,15.9444
11.736,14.3484,14.5529
12.8824,16.0823,14.818
13.9126,16.7256,15.3214
15.0286,19.0726,16.664
16.6632,20.3263,18.0492
19.6338,18.349,19.5732
21.3753,44.7043,50.7341
17.9282,25.7476,26.5674
13.1408,34.0472,36.0449
12.1149,17.2598,14.9098
8.42027,27.5457,28.489
17.9127,25.1705,24.6372
15.4145,18.4033,17.2608
12.4913,17.9092,17.5903
11.8354,14.1416,11.4207
7.33072,11.5678,11.0024
31.3352,20.49,20.0261
30.8319,17.3322,17.3537
31.2761,14.2972,14.1832
31.5605,11.3503,10.6726
31.4766,7.84027,7.37208
12.6205,9.69477,9.59253
10.4461,7.46648,7.42787
8.58241,5.56411,5.51519
7.07734,4.04338,3.99818
5.8917,2.88313,2.8356
19.8895,14.3342,14.6537
17.3548,12.7388,12.8704
14.9297,11.2592,11.4708
12.5649,9.8581,9.96155
10.0028,8.4841,8.27187
14.8834,12.7941,12.4284
12.2454,10.5636,9.86678
12.8171,11.236,10.5332
7.40315,6.46417,5.58351
5.83701,4.94515,4.24794
10.5823,14.8265,10.5518
8.6014,12.5909,9.18342
6.84345,9.64362,7.88775
5.77968,6.49107,5.80625
5.30506,5.26319,4.44349
31.2175,12.4973,13.6947
26.558,9.25482,9.76207
23.4325,7.52402,7.75491
21.225,6.50306,6.65437
19.2295,5.68809,5.83216
17.1317,13.6652,14.4704
13.926,13.1021,13.8955
10.9747,12.3405,12.9231
9.10795,11.1914,11.5124
7.2568,8.13587,8.53667
